HMMER3/f [3.2.1 | June 2018]
NAME  K22898
LENG  112
ALPH  amino
RF    no
MM    no
CONS  yes
CS    no
MAP   yes
DATE  Mon Apr 27 11:42:41 2026
NSEQ  24
EFFN  0.887695
CKSUM 1595836235
STATS LOCAL MSV       -9.8287  0.71491
STATS LOCAL VITERBI  -10.3214  0.71491
STATS LOCAL FORWARD   -3.9280  0.71491
HMM          A        C        D        E        F        G        H        I        K        L        M        N        P        Q        R        S        T        V        W        Y   
            m->m     m->i     m->d     i->m     i->i     d->m     d->d
  COMPO   2.62583  4.40569  2.88103  2.51735  3.25081  3.20904  3.75214  2.79936  2.59534  2.38306  3.60953  3.01939  3.70312  2.97603  2.84004  2.71201  2.89438  2.70945  4.11810  3.38807
          2.68626  4.42233  2.77528  2.73120  3.46362  2.40521  3.72503  3.29362  2.67749  2.69363  4.24474  2.90355  2.73736  3.18155  2.89809  2.37887  2.77478  2.98527  4.58485  3.61511
          0.25927  1.59549  3.66601  0.88080  0.53521  0.00000        *
      1   2.58147  4.28719  3.62167  3.09333  3.48979  3.51908  3.96665  2.73565  2.98588  2.37974  1.94533  3.42953  3.98111  3.31963  3.29228  2.28906  2.61699  2.52902  4.98820  3.76227      9 m - - -
          2.68618  4.42225  2.77519  2.73123  3.46354  2.40513  3.72494  3.29354  2.67741  2.69355  4.24690  2.90347  2.73739  3.18146  2.89801  2.37887  2.77519  2.98518  4.58477  3.61503
          0.02471  4.10882  4.83117  0.61958  0.77255  0.47305  0.97578
      2   2.54870  5.01849  2.74875  2.02574  4.32008  3.38687  3.59260  3.54180  2.26761  3.30442  3.84466  2.40445  3.78974  2.57632  2.83316  2.36840  2.84945  3.38599  5.47709  4.09267     10 e - - -
          2.68618  4.42225  2.77519  2.73123  3.46354  2.40513  3.72494  3.29354  2.67741  2.69355  4.24690  2.90347  2.73739  3.18146  2.89801  2.37887  2.77519  2.98518  4.58477  3.61503
          0.02426  4.12673  4.84907  0.61958  0.77255  0.48576  0.95510
      3   2.70082  5.19451  2.30412  1.89772  4.51324  3.35434  3.63098  3.99510  2.24186  3.48768  4.25300  2.66240  3.80895  2.49578  2.92760  2.29373  2.80540  3.57301  5.63503  4.21467     11 e - - -
          2.68618  4.42225  2.77519  2.73123  3.46354  2.40513  3.72494  3.29354  2.67741  2.69355  4.24690  2.90347  2.73739  3.18146  2.89801  2.37887  2.77519  2.98518  4.58477  3.61503
          0.02426  4.12673  4.84907  0.61958  0.77255  0.48576  0.95510
      4   2.98489  5.22713  3.32268  2.68723  4.64880  3.64857  3.17388  4.02440  1.29590  3.46123  4.29223  3.13771  4.01237  2.33940  2.03278  2.96200  3.16141  3.67535  5.51604  4.29365     12 k - - -
          2.68618  4.42225  2.77519  2.73123  3.46354  2.40513  3.72494  3.29354  2.67741  2.69355  4.24690  2.90347  2.73739  3.18146  2.89801  2.37887  2.77519  2.98518  4.58477  3.61503
          0.02426  4.12673  4.84907  0.61958  0.77255  0.48576  0.95510
      5   3.08083  4.40008  4.78866  4.25536  3.56620  4.42479  4.90864  1.22921  4.14704  1.94816  3.38467  4.47028  4.72130  4.38717  4.33394  3.77986  2.99921  1.38651  5.44615  4.26181     13 i - - -
          2.68618  4.42225  2.77519  2.73123  3.46354  2.40513  3.72494  3.29354  2.67741  2.69355  4.24690  2.90347  2.73739  3.18146  2.89801  2.37887  2.77519  2.98518  4.58477  3.61503
          0.02426  4.12673  4.84907  0.61958  0.77255  0.48576  0.95510
      6   2.74871  5.22571  1.87530  1.70875  4.53073  3.22815  3.66638  4.00661  2.33847  3.51410  3.88730  2.81540  3.82943  2.79314  2.99960  2.69501  2.99554  3.59660  5.67429  4.25067     14 e - - -
          2.68618  4.42225  2.77519  2.73123  3.46354  2.40513  3.72494  3.29354  2.67741  2.69355  4.24690  2.90347  2.73739  3.18146  2.89801  2.37887  2.77519  2.98518  4.58477  3.61503
          0.02426  4.12673  4.84907  0.61958  0.77255  0.48576  0.95510
      7   2.62000  5.20236  2.34392  1.72129  4.50756  3.35477  3.66015  3.97943  2.46758  3.29722  4.27264  2.82610  3.82933  2.08787  2.96622  2.69100  2.98481  3.57394  5.65040  4.23494     15 e - - -
          2.68618  4.42225  2.77519  2.73123  3.46354  2.40513  3.72494  3.29354  2.67741  2.69355  4.24690  2.90347  2.73739  3.18146  2.89801  2.37887  2.77519  2.98518  4.58477  3.61503
          0.02426  4.12673  4.84907  0.61958  0.77255  0.48576  0.95510
      8   3.29910  4.60691  4.95515  4.40810  3.25919  4.61084  4.99091  1.75547  4.27515  0.99167  3.04769  4.65041  4.81785  4.41636  4.40865  3.97177  3.53336  1.80623  5.32807  4.23461     16 l - - -
          2.68618  4.42225  2.77519  2.73123  3.46354  2.40513  3.72494  3.29354  2.67741  2.69355  4.24690  2.90347  2.73739  3.18146  2.89801  2.37887  2.77519  2.98518  4.58477  3.61503
          0.02426  4.12673  4.84907  0.61958  0.77255  0.48576  0.95510
      9   2.76970  4.27041  4.03109  3.47988  1.95815  3.81352  3.89414  2.63602  3.37054  2.08764  3.31046  3.70264  4.17667  3.59667  3.58580  3.10323  2.25813  2.47922  4.44011  2.47053     17 f - - -
          2.68618  4.42225  2.77519  2.73123  3.46354  2.40513  3.72494  3.29354  2.67741  2.69355  4.24690  2.90347  2.73739  3.18146  2.89801  2.37887  2.77519  2.98518  4.58477  3.61503
          0.02426  4.12673  4.84907  0.61958  0.77255  0.48576  0.95510
     10   2.18036  5.03459  2.37865  2.16880  4.33159  2.85152  3.62511  3.78588  2.32555  3.10401  4.10564  2.76784  3.80479  2.74950  2.90595  2.50960  2.88949  3.40243  5.50877  4.12171     18 e - - -
          2.68618  4.42225  2.77519  2.73123  3.46354  2.40513  3.72494  3.29354  2.67741  2.69355  4.24690  2.90347  2.73739  3.18146  2.89801  2.37887  2.77519  2.98518  4.58477  3.61503
          0.02426  4.12673  4.84907  0.61958  0.77255  0.48576  0.95510
     11   3.45231  4.75595  4.62904  4.22035  1.66592  4.34608  3.64654  3.08026  4.06671  1.96130  3.69418  4.10049  4.64954  4.09743  4.13774  3.68329  3.67257  3.01752  3.82572  1.20862     19 y - - -
          2.68618  4.42225  2.77519  2.73123  3.46354  2.40513  3.72494  3.29354  2.67741  2.69355  4.24690  2.90347  2.73739  3.18146  2.89801  2.37887  2.77519  2.98518  4.58477  3.61503
          0.02426  4.12673  4.84907  0.61958  0.77255  0.48576  0.95510
     12   2.99842  3.81132  4.75769  4.21690  3.57148  4.32419  4.81002  1.36737  4.10823  2.12242  3.42191  4.39598  4.64434  4.34040  4.27865  3.67340  3.05184  1.23825  5.36412  4.16652     20 v - - -
          2.68618  4.42225  2.77519  2.73123  3.46354  2.40513  3.72494  3.29354  2.67741  2.69355  4.24690  2.90347  2.73739  3.18146  2.89801  2.37887  2.77519  2.98518  4.58477  3.61503
          0.02426  4.12673  4.84907  0.61958  0.77255  0.48576  0.95510
     13   2.78322  4.96633  2.95573  2.36525  4.20402  3.48553  3.69456  3.61005  2.34274  3.16897  3.56970  3.02371  3.91805  1.52218  2.69685  2.80157  3.01462  3.30854  5.41902  4.10224     21 q - - -
          2.68618  4.42225  2.77519  2.73123  3.46354  2.40513  3.72494  3.29354  2.67741  2.69355  4.24690  2.90347  2.73739  3.18146  2.89801  2.37887  2.77519  2.98518  4.58477  3.61503
          0.02426  4.12673  4.84907  0.61958  0.77255  0.48576  0.95510
     14   2.73908  5.26378  2.53554  1.26248  4.60189  3.38019  3.74201  4.02806  2.19427  3.56493  4.40068  2.87530  3.90688  2.89077  2.91492  2.83395  3.14089  3.65161  5.72872  4.34609     22 e - - -
          2.68618  4.42225  2.77519  2.73123  3.46354  2.40513  3.72494  3.29354  2.67741  2.69355  4.24690  2.90347  2.73739  3.18146  2.89801  2.37887  2.77519  2.98518  4.58477  3.61503
          0.02426  4.12673  4.84907  0.61958  0.77255  0.48576  0.95510
     15   3.13525  5.25121  3.53011  2.85751  4.70929  3.74262  3.65792  4.04779  1.78813  3.47457  4.34402  3.25617  4.10214  2.45732  1.15653  3.12458  3.29094  3.73169  5.51071  4.35111     23 r - - -
          2.68618  4.42225  2.77519  2.73123  3.46354  2.40513  3.72494  3.29354  2.67741  2.69355  4.24690  2.90347  2.73739  3.18146  2.89801  2.37887  2.77519  2.98518  4.58477  3.61503
          0.02426  4.12673  4.84907  0.61958  0.77255  0.48576  0.95510
     16   2.75999  1.48322  4.08587  3.61691  2.97744  3.65505  4.01690  2.80798  3.43676  2.54738  3.58380  3.76088  4.16207  3.72986  3.63111  3.05349  3.07498  2.61443  4.57315  2.23920     24 c - - -
          2.68618  4.42225  2.77519  2.73123  3.46354  2.40513  3.72494  3.29354  2.67741  2.69355  4.24690  2.90347  2.73739  3.18146  2.89801  2.37887  2.77519  2.98518  4.58477  3.61503
          0.02426  4.12673  4.84907  0.61958  0.77255  0.48576  0.95510
     17   3.45300  4.84418  4.59700  4.24548  3.25265  4.30220  4.82230  2.47784  4.01102  0.61516  3.20937  4.49645  4.69856  4.31755  4.14239  3.91441  3.73828  2.57980  5.21623  3.99576     25 L - - -
          2.68618  4.42225  2.77519  2.73123  3.46354  2.40513  3.72494  3.29354  2.67741  2.69355  4.24690  2.90347  2.73739  3.18146  2.89801  2.37887  2.77519  2.98518  4.58477  3.61503
          0.02426  4.12673  4.84907  0.61958  0.77255  0.48576  0.95510
     18   3.55014  4.88109  4.56361  4.20661  2.03401  4.28129  3.70621  3.26233  3.98603  2.58649  3.86679  4.12353  4.65396  4.12224  4.07755  3.73152  3.79956  3.20963  1.02290  2.19863     26 w - - -
          2.68618  4.42225  2.77519  2.73123  3.46354  2.40513  3.72494  3.29354  2.67741  2.69355  4.24690  2.90347  2.73739  3.18146  2.89801  2.37887  2.77519  2.98518  4.58477  3.61503
          0.02426  4.12673  4.84907  0.61958  0.77255  0.48576  0.95510
     19   3.11112  5.08789  3.09890  2.86591  4.28921  3.55249  4.02355  3.96750  2.67064  3.44341  4.47201  3.32492  4.11462  0.84112  2.94631  3.15177  3.41161  3.68355  5.51895  4.23335     27 q - - -
          2.68618  4.42225  2.77519  2.73123  3.46354  2.40513  3.72494  3.29354  2.67741  2.69355  4.24690  2.90347  2.73739  3.18146  2.89801  2.37887  2.77519  2.98518  4.58477  3.61503
          0.02426  4.12673  4.84907  0.61958  0.77255  0.48576  0.95510
     20   3.60086  4.93009  4.58915  4.35863  0.67223  4.21682  4.01684  3.10121  4.26126  2.41543  3.79762  4.31563  4.67470  4.36049  4.31769  3.85286  3.90466  3.10948  4.20300  2.54328     28 F - - -
          2.68618  4.42225  2.77519  2.73123  3.46354  2.40513  3.72494  3.29354  2.67741  2.69355  4.24690  2.90347  2.73739  3.18146  2.89801  2.37887  2.77519  2.98518  4.58477  3.61503
          0.02426  4.12673  4.84907  0.61958  0.77255  0.48576  0.95510
     21   2.79076  4.50008  4.07133  3.56326  1.53523  3.95644  2.69414  2.99265  3.45711  2.41406  3.61087  3.73119  4.30920  3.65781  3.67643  3.24824  3.23332  2.81582  4.04768  1.98248     29 f - - -
          2.68618  4.42225  2.77519  2.73123  3.46354  2.40513  3.72494  3.29354  2.67741  2.69355  4.24690  2.90347  2.73739  3.18146  2.89801  2.37887  2.77519  2.98518  4.58477  3.61503
          0.02426  4.12673  4.84907  0.61958  0.77255  0.48576  0.95510
     22   2.45963  4.37930  3.44939  3.28510  4.34164  3.10555  4.38366  3.90283  3.37655  3.60587  4.51526  3.46270  3.86698  3.70681  3.64894  0.76338  2.96024  3.38075  5.69484  4.42889     30 s - - -
          2.68618  4.42225  2.77519  2.73123  3.46354  2.40513  3.72494  3.29354  2.67741  2.69355  4.24690  2.90347  2.73739  3.18146  2.89801  2.37887  2.77519  2.98518  4.58477  3.61503
          0.02426  4.12673  4.84907  0.61958  0.77255  0.48576  0.95510
     23   3.31534  5.12149  3.83411  3.30118  4.54190  3.74438  4.04127  4.10799  2.38387  3.57783  4.57782  3.63800  4.24045  3.25462  0.65113  3.39130  3.56768  3.82250  5.52514  4.42114     31 R - - -
          2.68618  4.42225  2.77519  2.73123  3.46354  2.40513  3.72494  3.29354  2.67741  2.69355  4.24690  2.90347  2.73739  3.18146  2.89801  2.37887  2.77519  2.98518  4.58477  3.61503
          0.02426  4.12673  4.84907  0.61958  0.77255  0.48576  0.95510
     24   2.42989  4.62677  2.98644  2.33394  4.16247  3.28174  3.82687  3.55336  2.67425  3.19799  4.02962  3.05628  3.82599  3.01132  3.10116  1.80546  2.00525  3.18264  5.45382  4.14768     32 s - - -
          2.68618  4.42225  2.77519  2.73123  3.46354  2.40513  3.72494  3.29354  2.67741  2.69355  4.24690  2.90347  2.73739  3.18146  2.89801  2.37887  2.77519  2.98518  4.58477  3.61503
          0.02426  4.12673  4.84907  0.61958  0.77255  0.48576  0.95510
     25   3.79344  5.07092  4.50245  4.27680  2.97440  4.03442  4.25025  3.83665  3.99835  3.18415  4.45721  4.37682  4.57473  4.37244  4.07925  3.99446  4.10843  3.73365  0.49837  2.96445     33 W - - -
          2.68618  4.42225  2.77519  2.73123  3.46354  2.40513  3.72494  3.29354  2.67741  2.69355  4.24690  2.90347  2.73739  3.18146  2.89801  2.37887  2.77519  2.98518  4.58477  3.61503
          0.02426  4.12673  4.84907  0.61958  0.77255  0.48576  0.95510
     26   3.28444  5.42797  0.61224  2.53132  4.84422  3.42295  4.18367  4.49493  3.32019  4.06044  5.05154  3.09775  4.09422  3.42837  3.86540  3.22308  3.63093  4.10930  5.96086  4.68465     34 D - - -
          2.68618  4.42225  2.77519  2.73123  3.46354  2.40513  3.72494  3.29354  2.67741  2.69355  4.24690  2.90347  2.73739  3.18146  2.89801  2.37887  2.77519  2.98518  4.58477  3.61503
          0.02426  4.12673  4.84907  0.61958  0.77255  0.48576  0.95510
     27   3.31534  5.12149  3.83411  3.30118  4.54190  3.74438  4.04127  4.10799  2.38387  3.57783  4.57782  3.63800  4.24045  3.25462  0.65113  3.39130  3.56768  3.82250  5.52514  4.42114     35 R - - -
          2.68618  4.42225  2.77519  2.73123  3.46354  2.40513  3.72494  3.29354  2.67741  2.69355  4.24690  2.90347  2.73739  3.18146  2.89801  2.37887  2.77519  2.98518  4.58477  3.61503
          0.02426  4.12673  4.84907  0.61958  0.77255  0.48576  0.95510
     28   2.77304  5.16620  2.67377  1.64363  4.48445  3.39496  3.66699  3.93143  2.32154  3.44886  4.24916  2.87890  3.86034  2.13793  2.83035  2.73556  2.66807  3.54726  5.60893  4.23234     36 e - - -
          2.68618  4.42225  2.77519  2.73123  3.46354  2.40513  3.72494  3.29354  2.67741  2.69355  4.24690  2.90347  2.73739  3.18146  2.89801  2.37887  2.77519  2.98518  4.58477  3.61503
          0.02426  4.12673  4.84907  0.61958  0.77255  0.48576  0.95510
     29   3.19652  5.33664  2.62731  0.71095  4.71869  3.45665  4.07594  4.22491  2.99074  3.80429  4.77545  3.10982  4.07583  3.29155  3.42012  3.15762  3.50540  3.88546  5.84171  4.57442     37 e - - -
          2.68618  4.42225  2.77519  2.73123  3.46354  2.40513  3.72494  3.29354  2.67741  2.69355  4.24690  2.90347  2.73739  3.18146  2.89801  2.37887  2.77519  2.98518  4.58477  3.61503
          0.02426  4.12673  4.84907  0.61958  0.77255  0.48576  0.95510
     30   2.44786  4.75221  2.76780  2.63954  4.40279  3.22670  4.02181  3.89630  2.91282  3.57347  4.46733  1.09870  3.89626  3.24530  3.30251  2.75242  3.07885  3.46764  5.70961  4.34224     38 n - - -
          2.68618  4.42225  2.77519  2.73123  3.46354  2.40513  3.72494  3.29354  2.67741  2.69355  4.24690  2.90347  2.73739  3.18146  2.89801  2.37887  2.77519  2.98518  4.58477  3.61503
          0.02426  4.12673  4.84907  0.61958  0.77255  0.48576  0.95510
     31   3.23419  4.59245  4.68227  4.31388  3.55854  4.33015  5.00192  0.80873  4.14717  2.10049  3.46252  4.52485  4.74388  4.47399  4.31579  3.85680  3.53165  1.88741  5.49668  4.25211     39 i - - -
          2.68618  4.42225  2.77519  2.73123  3.46354  2.40513  3.72494  3.29354  2.67741  2.69355  4.24690  2.90347  2.73739  3.18146  2.89801  2.37887  2.77519  2.98518  4.58477  3.61503
          0.02426  4.12673  4.84907  0.61958  0.77255  0.48576  0.95510
     32   2.79236  5.32963  1.96472  1.72009  4.63855  3.32895  3.30053  4.13525  2.39219  3.61883  4.39963  2.38682  3.83685  2.81294  3.06721  2.56452  3.04431  3.70477  5.76513  4.31596     40 e - - -
          2.68618  4.42225  2.77519  2.73123  3.46354  2.40513  3.72494  3.29354  2.67741  2.69355  4.24690  2.90347  2.73739  3.18146  2.89801  2.37887  2.77519  2.98518  4.58477  3.61503
          0.02426  4.12673  4.84907  0.61958  0.77255  0.48576  0.95510
     33   2.40998  4.36331  3.25638  3.03019  4.27682  1.12635  4.19081  3.69857  3.13605  3.42301  4.28643  3.00404  3.81740  3.45951  3.46390  2.56994  2.87004  2.83195  5.63532  4.36066     41 g - - -
          2.68618  4.42225  2.77519  2.73123  3.46354  2.40513  3.72494  3.29354  2.67741  2.69355  4.24690  2.90347  2.73739  3.18146  2.89801  2.37887  2.77519  2.98518  4.58477  3.61503
          0.02426  4.12673  4.84907  0.61958  0.77255  0.48576  0.95510
     34   3.06747  4.39809  4.78467  4.27623  3.66413  4.39607  4.97506  1.27836  4.17032  2.23880  3.47654  4.48105  4.73139  4.43679  4.37037  3.77030  2.99464  1.17766  5.54707  4.34339     42 v - - -
          2.68618  4.42225  2.77519  2.73123  3.46354  2.40513  3.72494  3.29354  2.67741  2.69355  4.24690  2.90347  2.73739  3.18146  2.89801  2.37887  2.77519  2.98518  4.58477  3.61503
          0.02426  4.12673  4.84907  0.61958  0.77255  0.48576  0.95510
     35   2.91430  3.63194  4.66334  4.07408  2.70962  4.12126  4.44826  1.88891  3.92429  1.38093  2.46054  4.20312  4.41898  4.05268  4.00623  3.43901  3.14267  2.10102  4.90395  3.76995     43 l - - -
          2.68618  4.42225  2.77519  2.73123  3.46354  2.40513  3.72494  3.29354  2.67741  2.69355  4.24690  2.90347  2.73739  3.18146  2.89801  2.37887  2.77519  2.98518  4.58477  3.61503
          0.02426  4.12673  4.84907  0.61958  0.77255  0.48576  0.95510
     36   2.32193  5.03646  2.50005  2.23097  4.34277  2.57606  3.63449  3.79723  2.28385  3.33658  4.11955  2.67618  3.80798  2.76069  2.91991  2.63763  2.50604  3.41239  5.52130  4.13391     44 e - - -
          2.68618  4.42225  2.77519  2.73123  3.46354  2.40513  3.72494  3.29354  2.67741  2.69355  4.24690  2.90347  2.73739  3.18146  2.89801  2.37887  2.77519  2.98518  4.58477  3.61503
          0.02426  4.12673  4.84907  0.61958  0.77255  0.48576  0.95510
     37   2.43635  4.67381  2.91543  2.52518  3.88358  3.45600  3.67045  3.27636  2.30208  2.79589  2.78423  3.02532  3.84686  2.61457  2.93300  2.67411  2.41740  2.98693  5.20095  3.89672     45 k - - -
          2.68618  4.42225  2.77519  2.73123  3.46354  2.40513  3.72494  3.29354  2.67741  2.69355  4.24690  2.90347  2.73739  3.18146  2.89801  2.37887  2.77519  2.98518  4.58477  3.61503
          0.02426  4.12673  4.84907  0.61958  0.77255  0.48576  0.95510
     38   2.08760  4.26904  3.84782  3.29226  3.46600  3.71828  4.11214  2.25101  3.21695  2.09533  3.39928  3.61777  4.12665  3.50510  3.51404  3.01263  2.25203  1.93862  5.02158  3.80788     46 v - - -
          2.68618  4.42225  2.77519  2.73123  3.46354  2.40513  3.72494  3.29354  2.67741  2.69355  4.24690  2.90347  2.73739  3.18146  2.89801  2.37887  2.77519  2.98518  4.58477  3.61503
          0.02426  4.12673  4.84907  0.61958  0.77255  0.48576  0.95510
     39   2.25443  4.59515  3.12182  2.40089  3.49139  2.84526  3.70814  3.23169  2.56880  2.88646  3.73164  3.06063  3.30035  2.90577  3.00358  2.61245  2.38118  2.79118  5.18150  3.88748     47 a - - -
          2.68618  4.42225  2.77519  2.73123  3.46354  2.40513  3.72494  3.29354  2.67741  2.69355  4.24690  2.90347  2.73739  3.18146  2.89801  2.37887  2.77519  2.98518  4.58477  3.61503
          0.02426  4.12673  4.84907  0.61958  0.77255  0.48576  0.95510
     40   2.53963  5.03053  2.59078  2.15411  4.34126  3.39015  3.58396  3.62493  1.95508  3.31887  4.08262  2.87297  3.78724  2.60855  2.66232  2.52783  2.72724  3.23853  5.48222  4.09708     48 k - - -
          2.68618  4.42225  2.77519  2.73123  3.46354  2.40513  3.72494  3.29354  2.67741  2.69355  4.24690  2.90347  2.73739  3.18146  2.89801  2.37887  2.77519  2.98518  4.58477  3.61503
          0.02426  4.12673  4.84907  0.61958  0.77255  0.48576  0.95510
     41   3.36940  4.66993  5.02370  4.45558  3.14375  4.66572  4.97881  1.72112  4.31610  0.95304  2.45916  4.70134  4.82573  4.39811  4.41417  4.01782  3.58869  2.22617  5.24659  4.20132     49 l - - -
          2.68618  4.42225  2.77519  2.73123  3.46354  2.40513  3.72494  3.29354  2.67741  2.69355  4.24690  2.90347  2.73739  3.18146  2.89801  2.37887  2.77519  2.98518  4.58477  3.61503
          0.02426  4.12673  4.84907  0.61958  0.77255  0.48576  0.95510
     42   2.80301  3.63951  4.17755  3.60831  2.75483  3.89281  4.16782  2.44607  3.47200  1.22704  3.11908  3.84895  4.24194  3.32978  3.66869  3.19347  3.03969  2.37226  4.79029  3.55148     50 l - - -
          2.68618  4.42225  2.77519  2.73123  3.46354  2.40513  3.72494  3.29354  2.67741  2.69355  4.24690  2.90347  2.73739  3.18146  2.89801  2.37887  2.77519  2.98518  4.58477  3.61503
          0.02426  4.12673  4.84907  0.61958  0.77255  0.48576  0.95510
     43   2.29110  4.74102  2.99933  2.49194  4.01883  3.41189  3.47486  3.42704  2.42521  2.90732  3.87242  2.37724  3.83509  2.84517  2.92291  2.56445  2.22845  3.10877  5.30089  3.98210     51 t - - -
          2.68618  4.42225  2.77519  2.73123  3.46354  2.40513  3.72494  3.29354  2.67741  2.69355  4.24690  2.90347  2.73739  3.18146  2.89801  2.37887  2.77519  2.98518  4.58477  3.61503
          0.02426  4.12673  4.84907  0.61958  0.77255  0.48576  0.95510
     44   2.81728  4.86730  2.32544  2.66870  4.65477  0.92386  4.15611  4.18614  3.19132  3.79991  4.67998  3.14457  3.95376  3.39244  3.64614  2.87865  3.22641  3.71355  5.85081  4.59073     52 g - - -
          2.68618  4.42225  2.77519  2.73123  3.46354  2.40513  3.72494  3.29354  2.67741  2.69355  4.24690  2.90347  2.73739  3.18146  2.89801  2.37887  2.77519  2.98518  4.58477  3.61503
          0.02426  4.12673  4.84907  0.61958  0.77255  0.48576  0.95510
     45   2.69371  5.18484  2.47912  1.86641  4.51184  3.02157  3.61896  3.99100  2.05973  3.47746  4.23961  2.72172  3.80879  2.42208  2.76776  2.64643  2.93110  3.56759  5.61719  4.20528     53 e - - -
          2.68618  4.42225  2.77519  2.73123  3.46354  2.40513  3.72494  3.29354  2.67741  2.69355  4.24690  2.90347  2.73739  3.18146  2.89801  2.37887  2.77519  2.98518  4.58477  3.61503
          0.02426  4.12673  4.84907  0.61958  0.77255  0.48576  0.95510
     46   2.66357  5.04698  2.90105  2.10544  4.36288  3.41970  3.27002  3.80939  1.82977  3.32668  4.10378  2.90576  3.63693  2.48486  2.72424  2.64483  2.67360  3.26380  5.48474  4.12135     54 k - - -
          2.68618  4.42225  2.77519  2.73123  3.46354  2.40513  3.72494  3.29354  2.67741  2.69355  4.24690  2.90347  2.73739  3.18146  2.89801  2.37887  2.77519  2.98518  4.58477  3.61503
          0.02426  4.12673  4.84907  0.61958  0.77255  0.48576  0.95510
     47   2.63518  4.24266  3.75164  3.19195  3.40769  3.66336  4.00574  2.06301  3.11294  2.25150  3.36613  3.52811  2.53532  3.40421  3.41069  2.82891  2.77563  2.01696  4.92461  3.70850     55 v - - -
          2.68618  4.42225  2.77519  2.73123  3.46354  2.40513  3.72494  3.29354  2.67741  2.69355  4.24690  2.90347  2.73739  3.18146  2.89801  2.37887  2.77519  2.98518  4.58477  3.61503
          0.02426  4.12673  4.84907  0.61958  0.77255  0.48576  0.95510
     48   2.43260  4.74621  3.02925  2.40848  3.97281  3.43981  3.32867  3.37997  2.30549  2.70128  3.82309  2.61379  3.83024  2.80894  2.82777  2.55831  2.59036  2.74534  5.25791  3.93747     56 k - - -
          2.68618  4.42225  2.77519  2.73123  3.46354  2.40513  3.72494  3.29354  2.67741  2.69355  4.24690  2.90347  2.73739  3.18146  2.89801  2.37887  2.77519  2.98518  4.58477  3.61503
          0.02426  4.12673  4.84907  0.61958  0.77255  0.48576  0.95510
     49   2.51643  4.55057  3.00045  2.62989  3.73374  3.49236  3.71293  2.94119  2.45226  2.18274  3.64121  3.10589  3.87847  2.93246  2.52700  2.71750  2.64046  2.71433  5.09887  3.82141     57 l - - -
          2.68618  4.42225  2.77519  2.73123  3.46354  2.40513  3.72494  3.29354  2.67741  2.69355  4.24690  2.90347  2.73739  3.18146  2.89801  2.37887  2.77519  2.98518  4.58477  3.61503
          0.02426  4.12673  4.84907  0.61958  0.77255  0.48576  0.95510
     50   2.64509  5.06125  2.44351  1.98921  4.36362  3.11855  3.14439  3.82412  2.14369  3.34723  4.11873  2.86049  3.79878  2.72491  2.86260  2.61977  2.88008  2.86444  5.51667  4.12534     58 e - - -
          2.68620  4.42227  2.77513  2.73118  3.46356  2.40515  3.72496  3.29356  2.67743  2.69342  4.24692  2.90348  2.73741  3.18148  2.89803  2.37889  2.77521  2.98520  4.58479  3.61505
          0.08502  2.60821  4.84907  0.64891  0.73943  0.48576  0.95510
     51   2.42455  4.69519  2.88990  2.30142  4.15141  3.32292  3.82198  3.51565  2.66542  3.18196  4.03060  2.84757  3.85942  3.01374  3.08195  2.69602  1.55656  3.17398  5.44985  4.14176     61 t - - -
          2.68618  4.42225  2.77519  2.73123  3.46354  2.40513  3.72494  3.29354  2.67741  2.69355  4.24690  2.90347  2.73739  3.18146  2.89801  2.37887  2.77519  2.98518  4.58477  3.61503
          0.02426  4.12673  4.84907  0.61958  0.77255  0.48576  0.95510
     52   2.38611  4.44402  3.37856  3.04917  3.98529  3.27914  4.11630  3.25530  2.99215  2.67495  3.98859  3.36025  1.30892  3.38830  3.30504  2.71518  2.94497  2.95933  5.43341  4.15330     62 p - - -
          2.68618  4.42225  2.77519  2.73123  3.46354  2.40513  3.72494  3.29354  2.67741  2.69355  4.24690  2.90347  2.73739  3.18146  2.89801  2.37887  2.77519  2.98518  4.58477  3.61503
          0.02426  4.12673  4.84907  0.61958  0.77255  0.48576  0.95510
     53   2.32473  4.57256  3.17413  2.50710  3.75796  3.48874  3.70530  2.96806  2.38234  2.79902  2.65725  3.09373  3.87498  2.50309  2.96936  2.71340  2.83474  2.75835  5.11500  3.83453     63 a - - -
          2.68618  4.42225  2.77519  2.73123  3.46354  2.40513  3.72494  3.29354  2.67741  2.69355  4.24690  2.90347  2.73739  3.18146  2.89801  2.37887  2.77519  2.98518  4.58477  3.61503
          0.02426  4.12673  4.84907  0.61958  0.77255  0.48576  0.95510
     54   3.01146  5.62130  1.23727  1.68548  4.90092  3.28628  3.81647  4.42372  2.64200  3.90629  4.75055  2.73771  3.90425  2.97823  3.41690  2.88758  3.29571  3.98767  6.06104  4.54483     64 d - - -
          2.68618  4.42225  2.77519  2.73123  3.46354  2.40513  3.72494  3.29354  2.67741  2.69355  4.24690  2.90347  2.73739  3.18146  2.89801  2.37887  2.77519  2.98518  4.58477  3.61503
          0.02426  4.12673  4.84907  0.61958  0.77255  0.48576  0.95510
     55   3.17177  5.27893  3.62567  2.90586  4.77416  3.76710  3.66386  4.10297  1.24946  3.51248  4.38624  3.29024  4.12169  2.79462  1.44122  3.15884  3.32236  3.78408  5.52485  4.38260     65 k - - -
          2.68618  4.42225  2.77519  2.73123  3.46354  2.40513  3.72494  3.29354  2.67741  2.69355  4.24690  2.90347  2.73739  3.18146  2.89801  2.37887  2.77519  2.98518  4.58477  3.61503
          0.02426  4.12673  4.84907  0.61958  0.77255  0.48576  0.95510
     56   2.25147  2.82038  3.88759  3.32133  3.25919  3.31509  3.98003  2.56537  3.21415  1.79848  3.26596  3.57678  4.02083  3.47315  3.44812  2.90781  2.82271  2.36331  4.76431  3.24570     66 l - - -
          2.68618  4.42225  2.77519  2.73123  3.46354  2.40513  3.72494  3.29354  2.67741  2.69355  4.24690  2.90347  2.73739  3.18146  2.89801  2.37887  2.77519  2.98518  4.58477  3.61503
          0.02426  4.12673  4.84907  0.61958  0.77255  0.48576  0.95510
     57   3.07271  4.67549  3.77696  3.34384  1.30260  3.91068  2.48224  3.19844  3.21820  2.71813  3.77725  3.60556  4.29458  3.16841  3.48121  3.23265  3.30705  3.02266  4.10456  2.45170     67 f - - -
          2.68618  4.42225  2.77519  2.73123  3.46354  2.40513  3.72494  3.29354  2.67741  2.69355  4.24690  2.90347  2.73739  3.18146  2.89801  2.37887  2.77519  2.98518  4.58477  3.61503
          0.02426  4.12673  4.84907  0.61958  0.77255  0.48576  0.95510
     58   3.48862  4.90512  4.26698  3.93770  2.22499  4.20623  3.65696  3.29391  3.71467  2.48922  3.96506  3.96770  4.59858  3.95872  3.86469  3.62754  3.74444  3.19893  3.89494  0.83031     68 y - - -
          2.68618  4.42225  2.77519  2.73123  3.46354  2.40513  3.72494  3.29354  2.67741  2.69355  4.24690  2.90347  2.73739  3.18146  2.89801  2.37887  2.77519  2.98518  4.58477  3.61503
          0.02426  4.12673  4.84907  0.61958  0.77255  0.48576  0.95510
     59   1.11037  4.19702  3.62393  3.30225  4.32137  3.00983  4.31738  3.65970  3.31544  3.40626  4.24539  3.41240  3.76039  3.60218  3.61282  1.86650  2.47980  3.14619  5.68518  4.48625     69 a - - -
          2.68618  4.42225  2.77519  2.73123  3.46354  2.40513  3.72494  3.29354  2.67741  2.69355  4.24690  2.90347  2.73739  3.18146  2.89801  2.37887  2.77519  2.98518  4.58477  3.61503
          0.02426  4.12673  4.84907  0.61958  0.77255  0.48576  0.95510
     60   3.10840  5.63396  0.90972  2.02425  4.93746  3.29175  3.91463  4.47307  3.00253  3.99841  4.89817  2.77941  3.95148  3.10150  3.61989  2.98278  3.41892  4.05268  6.12478  4.62511     70 d - - -
          2.68618  4.42225  2.77519  2.73123  3.46354  2.40513  3.72494  3.29354  2.67741  2.69355  4.24690  2.90347  2.73739  3.18146  2.89801  2.37887  2.77519  2.98518  4.58477  3.61503
          0.02426  4.12673  4.84907  0.61958  0.77255  0.48576  0.95510
     61   0.82417  4.24307  3.60088  3.39156  4.41035  2.63281  4.43440  3.72406  3.46408  3.51184  4.38466  3.48044  3.80636  3.74858  3.72684  2.52812  2.84240  3.20894  5.76448  4.58801     71 a - - -
          2.68618  4.42225  2.77519  2.73123  3.46354  2.40513  3.72494  3.29354  2.67741  2.69355  4.24690  2.90347  2.73739  3.18146  2.89801  2.37887  2.77519  2.98518  4.58477  3.61503
          0.02426  4.12673  4.84907  0.61958  0.77255  0.48576  0.95510
     62   2.79387  4.78401  3.34229  2.75507  3.96625  3.61114  3.76140  2.97779  1.40814  2.64530  3.83184  3.20898  3.99917  2.94145  2.66805  2.88672  3.01845  2.72421  5.29265  4.02004     72 k - - -
          2.68618  4.42225  2.77519  2.73123  3.46354  2.40513  3.72494  3.29354  2.67741  2.69355  4.24690  2.90347  2.73739  3.18146  2.89801  2.37887  2.77519  2.98518  4.58477  3.61503
          0.02426  4.12673  4.84907  0.61958  0.77255  0.48576  0.95510
     63   2.36531  4.21258  3.70364  2.80086  3.14212  3.65283  3.93458  1.97332  3.06503  2.25565  3.32095  3.25809  4.02735  3.34633  3.36260  2.91794  2.84717  2.13838  4.83960  3.62325     73 i - - -
          2.68618  4.42225  2.77519  2.73123  3.46354  2.40513  3.72494  3.29354  2.67741  2.69355  4.24690  2.90347  2.73739  3.18146  2.89801  2.37887  2.77519  2.98518  4.58477  3.61503
          0.02426  4.12673  4.84907  0.61958  0.77255  0.48576  0.95510
     64   3.29490  4.63454  4.87457  4.29892  2.77223  4.52279  4.78853  2.26566  4.17366  1.06520  1.82653  4.53886  4.71284  4.25265  4.27986  3.85588  3.51171  2.27610  5.10307  4.01715     74 l - - -
          2.68618  4.42225  2.77519  2.73123  3.46354  2.40513  3.72494  3.29354  2.67741  2.69355  4.24690  2.90347  2.73739  3.18146  2.89801  2.37887  2.77519  2.98518  4.58477  3.61503
          0.02426  4.12673  4.84907  0.61958  0.77255  0.48576  0.95510
     65   1.85209  4.24701  3.71151  3.20774  3.64402  3.42202  4.08994  2.69767  3.14083  2.48865  3.59460  3.48500  3.96381  3.44287  3.44854  2.30615  2.85094  1.76905  5.13261  3.91096     75 v - - -
          2.68618  4.42225  2.77519  2.73123  3.46354  2.40513  3.72494  3.29354  2.67741  2.69355  4.24690  2.90347  2.73739  3.18146  2.89801  2.37887  2.77519  2.98518  4.58477  3.61503
          0.02426  4.12673  4.84907  0.61958  0.77255  0.48576  0.95510
     66   2.17253  5.08082  2.53002  2.13997  4.38897  3.37317  3.61305  3.85266  2.11448  3.37129  4.14182  2.68738  3.80028  2.65796  2.87655  2.46936  2.75187  3.45349  5.53763  4.14171     76 k - - -
          2.68618  4.42225  2.77519  2.73123  3.46354  2.40513  3.72494  3.29354  2.67741  2.69355  4.24690  2.90347  2.73739  3.18146  2.89801  2.37887  2.77519  2.98518  4.58477  3.61503
          0.02426  4.12673  4.84907  0.61958  0.77255  0.48576  0.95510
     67   2.80987  5.28043  1.52809  2.06490  4.57193  3.33429  3.70968  4.04700  2.57480  3.56568  4.36899  2.80438  3.85282  2.38162  3.09562  2.74749  3.06543  3.24449  5.73741  4.30353     77 d - - -
          2.68618  4.42225  2.77519  2.73123  3.46354  2.40513  3.72494  3.29354  2.67741  2.69355  4.24690  2.90347  2.73739  3.18146  2.89801  2.37887  2.77519  2.98518  4.58477  3.61503
          0.02426  4.12673  4.84907  0.61958  0.77255  0.48576  0.95510
     68   3.13856  4.46470  4.85968  4.29019  2.06894  4.39732  4.69183  1.72660  4.15938  1.39886  3.01787  4.45679  4.64082  4.26346  4.25074  3.73217  3.36579  1.88644  5.05285  3.88495     78 l - - -
          2.68618  4.42225  2.77519  2.73123  3.46354  2.40513  3.72494  3.29354  2.67741  2.69355  4.24690  2.90347  2.73739  3.18146  2.89801  2.37887  2.77519  2.98518  4.58477  3.61503
          0.02426  4.12673  4.84907  0.61958  0.77255  0.48576  0.95510
     69   2.86801  5.14826  3.21306  2.59405  4.53246  3.57921  3.61601  3.92677  1.74160  3.12014  4.21073  2.86252  3.94937  2.09079  1.88702  2.85129  3.06226  3.56869  5.49161  4.22792     79 k - - -
          2.68618  4.42225  2.77519  2.73123  3.46354  2.40513  3.72494  3.29354  2.67741  2.69355  4.24690  2.90347  2.73739  3.18146  2.89801  2.37887  2.77519  2.98518  4.58477  3.61503
          0.02426  4.12673  4.84907  0.61958  0.77255  0.48576  0.95510
     70   2.75356  5.15548  2.68058  1.61987  4.48403  3.38738  3.66086  3.93624  2.00191  3.45063  4.24370  2.72503  3.85020  2.78957  2.83960  2.59437  2.74807  3.54463  5.60751  4.22671     80 e - - -
          2.68618  4.42225  2.77519  2.73123  3.46354  2.40513  3.72494  3.29354  2.67741  2.69355  4.24690  2.90347  2.73739  3.18146  2.89801  2.37887  2.77519  2.98518  4.58477  3.61503
          0.02426  4.12673  4.84907  0.61958  0.77255  0.48576  0.95510
     71   2.71055  5.15049  3.21253  2.62329  4.55949  3.58483  3.63450  3.94480  1.56972  3.41626  4.23901  2.68512  3.96869  2.75958  1.72441  2.88581  3.09652  3.58993  5.50660  4.25580     81 k - - -
          2.68618  4.42225  2.77519  2.73123  3.46354  2.40513  3.72494  3.29354  2.67741  2.69355  4.24690  2.90347  2.73739  3.18146  2.89801  2.37887  2.77519  2.98518  4.58477  3.61503
          0.02426  4.12673  4.84907  0.61958  0.77255  0.48576  0.95510
     72   3.07017  4.46333  4.50548  3.96573  1.38975  4.16522  4.11220  2.37894  3.82724  1.86892  2.60809  4.09774  4.46343  3.96445  3.95827  3.47913  3.29551  2.50850  4.45919  2.78729     82 f - - -
          2.68618  4.42225  2.77519  2.73123  3.46354  2.40513  3.72494  3.29354  2.67741  2.69355  4.24690  2.90347  2.73739  3.18146  2.89801  2.37887  2.77519  2.98518  4.58477  3.61503
          0.02426  4.12673  4.84907  0.61958  0.77255  0.48576  0.95510
     73   2.37066  4.34537  3.28587  3.01259  4.35454  3.07355  4.16804  3.77645  3.08684  3.44989  4.28834  3.27719  1.43178  3.41175  3.42780  1.86016  2.69848  3.26842  5.67984  4.42832     83 p - - -
          2.68618  4.42225  2.77519  2.73123  3.46354  2.40513  3.72494  3.29354  2.67741  2.69355  4.24690  2.90347  2.73739  3.18146  2.89801  2.37887  2.77519  2.98518  4.58477  3.61503
          0.02426  4.12673  4.84907  0.61958  0.77255  0.48576  0.95510
     74   3.29346  4.70005  4.34037  3.88243  2.07040  4.16920  3.60557  3.18669  3.68502  2.65507  3.78379  3.90813  4.50568  3.86499  3.53059  3.49157  3.51824  3.04993  1.30139  2.03297     84 w - - -
          2.68618  4.42225  2.77519  2.73123  3.46354  2.40513  3.72494  3.29354  2.67741  2.69355  4.24690  2.90347  2.73739  3.18146  2.89801  2.37887  2.77519  2.98518  4.58477  3.61503
          0.02426  4.12673  4.84907  0.61958  0.77255  0.48576  0.95510
     75   2.69135  4.31068  4.63084  4.05345  2.62908  4.17280  4.51504  1.53788  3.92366  1.64254  2.84583  4.22290  4.46997  4.08187  4.04461  3.49201  3.17829  1.91988  5.00567  3.85921     85 i - - -
          2.68618  4.42225  2.77519  2.73123  3.46354  2.40513  3.72494  3.29354  2.67741  2.69355  4.24690  2.90347  2.73739  3.18146  2.89801  2.37887  2.77519  2.98518  4.58477  3.61503
          0.02426  4.12673  4.84907  0.61958  0.77255  0.48576  0.95510
     76   2.59544  4.32545  2.82000  2.44267  3.86397  3.08263  3.63351  3.44499  2.22659  2.68345  3.86439  2.81240  3.81737  2.78539  2.79578  2.19574  2.82798  3.12296  5.29583  3.96287     86 s - - -
          2.68618  4.42225  2.77519  2.73123  3.46354  2.40513  3.72494  3.29354  2.67741  2.69355  4.24690  2.90347  2.73739  3.18146  2.89801  2.37887  2.77519  2.98518  4.58477  3.61503
          0.02426  4.12673  4.84907  0.61958  0.77255  0.48576  0.95510
     77   2.82679  5.36977  2.12968  1.47978  4.67569  3.09865  3.70473  4.17364  2.41967  3.65656  4.44596  2.63735  3.84913  2.50900  3.10261  2.74776  3.08220  3.74402  5.80406  4.34935     87 e - - -
          2.68618  4.42225  2.77519  2.73123  3.46354  2.40513  3.72494  3.29354  2.67741  2.69355  4.24690  2.90347  2.73739  3.18146  2.89801  2.37887  2.77519  2.98518  4.58477  3.61503
          0.02426  4.12673  4.84907  0.61958  0.77255  0.48576  0.95510
     78   2.45529  3.79052  4.28502  3.70595  3.23973  3.90385  4.24149  2.09639  3.58515  1.56061  2.65485  3.90861  4.25188  3.79587  3.75632  3.20533  2.87857  1.97257  4.87014  3.69354     88 l - - -
          2.68618  4.42225  2.77519  2.73123  3.46354  2.40513  3.72494  3.29354  2.67741  2.69355  4.24690  2.90347  2.73739  3.18146  2.89801  2.37887  2.77519  2.98518  4.58477  3.61503
          0.02426  4.12673  4.84907  0.61958  0.77255  0.48576  0.95510
     79   2.62947  5.21188  2.00168  2.06781  4.52687  2.99201  3.65706  4.00865  2.36936  3.51017  4.28537  2.62311  3.60015  2.78032  2.99845  2.20333  2.97464  3.59120  5.66735  4.24115     89 d - - -
          2.68618  4.42225  2.77519  2.73123  3.46354  2.40513  3.72494  3.29354  2.67741  2.69355  4.24690  2.90347  2.73739  3.18146  2.89801  2.37887  2.77519  2.98518  4.58477  3.61503
          0.02426  4.12673  4.84907  0.61958  0.77255  0.48576  0.95510
     80   2.39158  5.08719  2.61975  2.04043  4.39532  3.37768  3.42584  3.85713  2.03908  3.37534  4.14845  2.85811  2.77942  2.73465  2.86392  2.63495  2.90044  3.45997  5.54054  4.14777     90 k - - -
          2.68618  4.42225  2.77519  2.73123  3.46354  2.40513  3.72494  3.29354  2.67741  2.69355  4.24690  2.90347  2.73739  3.18146  2.89801  2.37887  2.77519  2.98518  4.58477  3.61503
          0.02426  4.12673  4.84907  0.61958  0.77255  0.48576  0.95510
     81   2.47579  4.96797  2.32981  2.24937  4.26047  3.38386  3.62401  3.47668  2.33061  3.25911  4.04663  2.88846  3.80429  2.75242  2.89213  2.11482  2.62022  3.33274  5.45707  4.08416     91 s - - -
          2.68618  4.42225  2.77519  2.73123  3.46354  2.40513  3.72494  3.29354  2.67741  2.69355  4.24690  2.90347  2.73739  3.18146  2.89801  2.37887  2.77519  2.98518  4.58477  3.61503
          0.02426  4.12673  4.84907  0.61958  0.77255  0.48576  0.95510
     82   2.76384  5.18458  2.66829  1.63086  4.50593  2.80734  3.65689  3.96325  2.31694  3.46817  4.25927  2.86770  3.85169  2.29562  2.72497  2.72156  3.00154  3.56852  5.61890  4.23472     92 e - - -
          2.68618  4.42225  2.77519  2.73123  3.46354  2.40513  3.72494  3.29354  2.67741  2.69355  4.24690  2.90347  2.73739  3.18146  2.89801  2.37887  2.77519  2.98518  4.58477  3.61503
          0.02426  4.12673  4.84907  0.61958  0.77255  0.48576  0.95510
     83   2.62661  4.29060  3.59648  3.02081  3.43245  3.62336  3.87710  1.97755  2.48847  2.37349  3.39579  3.39643  4.00077  3.23134  2.97914  2.77024  2.85849  2.16287  4.89701  3.67414     93 i - - -
          2.68618  4.42225  2.77519  2.73123  3.46354  2.40513  3.72494  3.29354  2.67741  2.69355  4.24690  2.90347  2.73739  3.18146  2.89801  2.37887  2.77519  2.98518  4.58477  3.61503
          0.02426  4.12673  4.84907  0.61958  0.77255  0.48576  0.95510
     84   2.61673  4.99360  2.69957  2.24759  4.29080  3.08983  3.42822  3.74055  2.19957  2.80736  4.04956  2.80325  3.79499  2.70989  2.36526  2.51678  2.76498  3.35875  5.45296  4.07858     94 k - - -
          2.68618  4.42225  2.77519  2.73123  3.46354  2.40513  3.72494  3.29354  2.67741  2.69355  4.24690  2.90347  2.73739  3.18146  2.89801  2.37887  2.77519  2.98518  4.58477  3.61503
          0.02426  4.12673  4.84907  0.61958  0.77255  0.48576  0.95510
     85   2.64068  4.98493  2.49998  1.72211  3.71394  3.38224  3.62834  3.71252  2.42176  3.26981  4.05928  2.88213  3.54310  2.75805  2.90809  2.45414  2.87914  3.17760  5.46720  4.08995     95 e - - -
          2.68618  4.42225  2.77519  2.73123  3.46354  2.40513  3.72494  3.29354  2.67741  2.69355  4.24690  2.90347  2.73739  3.18146  2.89801  2.37887  2.77519  2.98518  4.58477  3.61503
          0.02426  4.12673  4.84907  0.61958  0.77255  0.48576  0.95510
     86   3.22809  4.59969  4.75703  4.24945  3.26975  4.42515  4.86456  2.08994  4.07962  0.99250  3.10332  4.48709  4.71925  4.29640  4.23950  3.80809  3.48590  1.65285  5.28850  4.13452     96 l - - -
          2.68618  4.42225  2.77519  2.73123  3.46354  2.40513  3.72494  3.29354  2.67741  2.69355  4.24690  2.90347  2.73739  3.18146  2.89801  2.37887  2.77519  2.98518  4.58477  3.61503
          0.02426  4.12673  4.84907  0.61958  0.77255  0.48576  0.95510
     87   3.26360  4.56897  4.96994  4.40210  3.19938  4.56785  4.91405  1.53572  4.27707  1.22272  2.30095  4.61929  4.76554  4.37437  4.37916  3.91373  3.48851  2.00165  5.23686  4.17018     97 l - - -
          2.68618  4.42225  2.77519  2.73123  3.46354  2.40513  3.72494  3.29354  2.67741  2.69355  4.24690  2.90347  2.73739  3.18146  2.89801  2.37887  2.77519  2.98518  4.58477  3.61503
          0.02426  4.12673  4.84907  0.61958  0.77255  0.48576  0.95510
     88   2.38932  5.17289  2.32329  2.03174  4.48806  3.35614  3.17816  3.96738  2.41937  3.46525  4.23079  2.42475  3.80561  2.43613  2.92430  2.53365  2.92999  3.54926  5.61670  4.19945     98 e - - -
          2.68618  4.42225  2.77519  2.73123  3.46354  2.40513  3.72494  3.29354  2.67741  2.69355  4.24690  2.90347  2.73739  3.18146  2.89801  2.37887  2.77519  2.98518  4.58477  3.61503
          0.02426  4.12673  4.84907  0.61958  0.77255  0.48576  0.95510
     89   2.83175  5.03393  2.27315  2.29474  4.60572  1.18198  3.94815  4.07795  2.93775  3.67436  4.53724  2.93220  3.90909  3.14626  3.43803  2.83448  3.18192  3.65766  5.84241  4.47208     99 g - - -
          2.68618  4.42225  2.77519  2.73123  3.46354  2.40513  3.72494  3.29354  2.67741  2.69355  4.24690  2.90347  2.73739  3.18146  2.89801  2.37887  2.77519  2.98518  4.58477  3.61503
          0.02426  4.12673  4.84907  0.61958  0.77255  0.48576  0.95510
     90   2.52351  4.38477  4.39866  3.87518  3.42284  4.07171  4.56747  2.08144  3.74929  1.37869  3.28511  4.11431  4.45504  4.01127  3.96238  3.42067  3.20366  1.53536  5.22463  4.04663    100 l - - -
          2.68618  4.42225  2.77519  2.73123  3.46354  2.40513  3.72494  3.29354  2.67741  2.69355  4.24690  2.90347  2.73739  3.18146  2.89801  2.37887  2.77519  2.98518  4.58477  3.61503
          0.02426  4.12673  4.84907  0.61958  0.77255  0.48576  0.95510
     91   2.77316  5.01924  3.01938  2.39133  3.72609  3.49954  3.64152  3.72893  1.43016  3.26779  4.09210  3.00836  3.90113  2.52776  2.58159  2.77490  2.99011  3.39169  5.43162  4.12007    101 k - - -
          2.68618  4.42225  2.77519  2.73123  3.46354  2.40513  3.72494  3.29354  2.67741  2.69355  4.24690  2.90347  2.73739  3.18146  2.89801  2.37887  2.77519  2.98518  4.58477  3.61503
          0.02426  4.12673  4.84907  0.61958  0.77255  0.48576  0.95510
     92   2.20212  5.07354  2.58949  1.95247  4.37860  3.22686  3.61839  3.84010  2.25118  3.36387  4.13775  2.85531  3.80267  2.58767  2.88886  2.49248  2.73866  3.44496  5.53494  4.14053    102 e - - -
          2.68618  4.42225  2.77519  2.73123  3.46354  2.40513  3.72494  3.29354  2.67741  2.69355  4.24690  2.90347  2.73739  3.18146  2.89801  2.37887  2.77519  2.98518  4.58477  3.61503
          0.02426  4.12673  4.84907  0.61958  0.77255  0.48576  0.95510
     93   2.93183  5.04071  3.42709  2.75359  4.37968  3.65491  3.65378  3.73520  1.69316  3.25432  3.22846  3.18675  4.01516  2.79678  1.49116  2.95503  3.11771  3.43486  5.40350  4.18623    103 r - - -
          2.68618  4.42225  2.77519  2.73123  3.46354  2.40513  3.72494  3.29354  2.67741  2.69355  4.24690  2.90347  2.73739  3.18146  2.89801  2.37887  2.77519  2.98518  4.58477  3.61503
          0.02426  4.12673  4.84907  0.61958  0.77255  0.48576  0.95510
     94   3.40344  4.76157  4.82518  4.33280  3.13510  4.56165  4.89106  2.10720  4.10066  0.74435  2.99303  4.59353  4.80421  4.32059  4.23866  3.96851  3.64939  2.31892  5.21805  4.04414    104 l - - -
          2.68618  4.42225  2.77519  2.73123  3.46354  2.40513  3.72494  3.29354  2.67741  2.69355  4.24690  2.90347  2.73739  3.18146  2.89801  2.37887  2.77519  2.98518  4.58477  3.61503
          0.02426  4.12673  4.84907  0.61958  0.77255  0.48576  0.95510
     95   2.59881  4.20215  3.69191  3.01857  3.32488  3.63262  3.90490  2.45687  2.86615  2.05663  3.08540  3.45912  4.00624  3.31851  3.14344  2.89611  2.55445  1.96202  4.81017  3.59711    105 v - - -
          2.68618  4.42225  2.77519  2.73123  3.46354  2.40513  3.72494  3.29354  2.67741  2.69355  4.24690  2.90347  2.73739  3.18146  2.89801  2.37887  2.77519  2.98518  4.58477  3.61503
          0.02426  4.12673  4.84907  0.61958  0.77255  0.48576  0.95510
     96   2.50996  5.10842  1.88594  2.07683  4.39093  3.36568  3.37365  3.85933  2.44929  3.38893  4.17320  2.84469  3.81720  2.63348  2.94807  2.66139  2.93471  3.47080  5.56382  3.33654    106 d - - -
          2.68618  4.42225  2.77519  2.73123  3.46354  2.40513  3.72494  3.29354  2.67741  2.69355  4.24690  2.90347  2.73739  3.18146  2.89801  2.37887  2.77519  2.98518  4.58477  3.61503
          0.02426  4.12673  4.84907  0.61958  0.77255  0.48576  0.95510
     97   2.66297  4.21620  3.86142  3.30150  3.33382  3.72021  3.15178  1.76955  3.18546  2.33146  3.31650  3.60712  4.10237  3.48073  3.44675  3.00767  2.67610  1.88661  4.86999  3.65041    107 i - - -
          2.68618  4.42225  2.77519  2.73123  3.46354  2.40513  3.72494  3.29354  2.67741  2.69355  4.24690  2.90347  2.73739  3.18146  2.89801  2.37887  2.77519  2.98518  4.58477  3.61503
          0.02426  4.12673  4.84907  0.61958  0.77255  0.48576  0.95510
     98   1.56280  4.22816  3.65127  3.19749  3.96933  3.16804  4.15515  3.18457  3.15227  3.01592  3.90024  3.40605  3.82715  3.45349  3.47325  2.38692  1.80924  2.45698  5.38609  4.17031    108 a - - -
          2.68618  4.42225  2.77519  2.73123  3.46354  2.40513  3.72494  3.29354  2.67741  2.69355  4.24690  2.90347  2.73739  3.18146  2.89801  2.37887  2.77519  2.98518  4.58477  3.61503
          0.02426  4.12673  4.84907  0.61958  0.77255  0.48576  0.95510
     99   3.18589  4.47648  4.96626  4.47954  3.64149  4.57389  5.18295  1.06477  4.36903  2.11838  3.43438  4.68149  4.87277  4.62539  4.55363  3.97456  3.45271  1.29490  5.64599  4.44434    109 i - - -
          2.68618  4.42225  2.77519  2.73123  3.46354  2.40513  3.72494  3.29354  2.67741  2.69355  4.24690  2.90347  2.73739  3.18146  2.89801  2.37887  2.77519  2.98518  4.58477  3.61503
          0.02426  4.12673  4.84907  0.61958  0.77255  0.48576  0.95510
    100   2.73609  4.83142  2.97034  2.45968  4.19360  3.43667  3.75234  3.54356  2.09253  3.18238  4.03995  3.05885  3.91234  2.92692  2.78055  2.78844  1.58835  3.22803  5.42284  4.13359    110 t - - -
          2.68618  4.42225  2.77519  2.73123  3.46354  2.40513  3.72494  3.29354  2.67741  2.69355  4.24690  2.90347  2.73739  3.18146  2.89801  2.37887  2.77519  2.98518  4.58477  3.61503
          0.02426  4.12673  4.84907  0.61958  0.77255  0.48576  0.95510
    101   2.80325  5.11435  3.07587  2.51604  4.47846  2.80773  3.34377  3.89267  1.66684  3.38122  4.18457  2.81525  3.90824  2.74032  1.98711  2.78621  3.01230  3.52494  5.49748  4.20001    111 k - - -
          2.68618  4.42225  2.77519  2.73123  3.46354  2.40513  3.72494  3.29354  2.67741  2.69355  4.24690  2.90347  2.73739  3.18146  2.89801  2.37887  2.77519  2.98518  4.58477  3.61503
          0.02426  4.12673  4.84907  0.61958  0.77255  0.48576  0.95510
    102   2.27154  2.94177  3.87998  3.52364  4.18605  3.02383  4.39309  3.54841  3.43834  3.32279  4.19472  3.52469  3.78309  3.73336  3.68450  0.96973  2.76866  3.07119  5.59376  4.38357    112 s - - -
          2.68618  4.42225  2.77519  2.73123  3.46354  2.40513  3.72494  3.29354  2.67741  2.69355  4.24690  2.90347  2.73739  3.18146  2.89801  2.37887  2.77519  2.98518  4.58477  3.61503
          0.02426  4.12673  4.84907  0.61958  0.77255  0.48576  0.95510
    103   2.75186  4.77743  3.28686  2.68248  4.02643  3.56261  3.68490  3.38499  2.03299  2.27544  3.86751  3.13979  3.94216  2.86122  2.00105  2.82489  2.53056  3.10749  5.25664  4.00208    113 r - - -
          2.68618  4.42225  2.77519  2.73123  3.46354  2.40513  3.72494  3.29354  2.67741  2.69355  4.24690  2.90347  2.73739  3.18146  2.89801  2.37887  2.77519  2.98518  4.58477  3.61503
          0.02426  4.12673  4.84907  0.61958  0.77255  0.48576  0.95510
    104   2.95722  4.94873  2.88365  2.79886  4.35483  3.37328  4.15903  4.12880  3.08908  3.74836  4.70798  0.77584  4.04095  3.43866  3.44694  3.01868  3.35139  3.72458  5.63152  4.28990    114 n - - -
          2.68618  4.42225  2.77519  2.73123  3.46354  2.40513  3.72494  3.29354  2.67741  2.69355  4.24690  2.90347  2.73739  3.18146  2.89801  2.37887  2.77519  2.98518  4.58477  3.61503
          0.02426  4.12673  4.84907  0.61958  0.77255  0.48576  0.95510
    105   2.39970  3.23672  3.05902  2.33913  3.95641  2.99953  3.04082  3.35911  2.45767  2.98367  3.81439  3.01032  3.84143  2.83226  2.43585  2.66659  2.84186  3.05551  5.24715  3.93668    115 e - - -
          2.68618  4.42225  2.77519  2.73123  3.46354  2.40513  3.72494  3.29354  2.67741  2.69355  4.24690  2.90347  2.73739  3.18146  2.89801  2.37887  2.77519  2.98518  4.58477  3.61503
          0.02426  4.12673  4.84907  0.61958  0.77255  0.48576  0.95510
    106   3.19652  5.33664  2.62731  0.71095  4.71869  3.45665  4.07594  4.22491  2.99074  3.80429  4.77545  3.10982  4.07583  3.29155  3.42012  3.15762  3.50540  3.88546  5.84171  4.57442    116 e - - -
          2.68618  4.42225  2.77519  2.73123  3.46354  2.40513  3.72494  3.29354  2.67741  2.69355  4.24690  2.90347  2.73739  3.18146  2.89801  2.37887  2.77519  2.98518  4.58477  3.61503
          0.02426  4.12673  4.84907  0.61958  0.77255  0.48576  0.95510
    107   3.45300  4.84418  4.59700  4.24548  3.25265  4.30220  4.82230  2.47784  4.01102  0.61516  3.20937  4.49645  4.69856  4.31755  4.14239  3.91441  3.73828  2.57980  5.21623  3.99576    117 L - - -
          2.68618  4.42225  2.77519  2.73123  3.46354  2.40513  3.72494  3.29354  2.67741  2.69355  4.24690  2.90347  2.73739  3.18146  2.89801  2.37887  2.77519  2.98518  4.58477  3.61503
          0.02426  4.12673  4.84907  0.61958  0.77255  0.48576  0.95510
    108   2.69515  5.01415  2.89295  2.40893  4.32557  3.42840  3.22758  3.76223  2.22175  3.29951  4.09592  1.95532  3.84454  2.75921  2.49592  2.42482  2.83127  3.39599  5.47145  4.12474    118 n - - -
          2.68618  4.42225  2.77519  2.73123  3.46354  2.40513  3.72494  3.29354  2.67741  2.69355  4.24690  2.90347  2.73739  3.18146  2.89801  2.37887  2.77519  2.98518  4.58477  3.61503
          0.02426  4.12673  4.84907  0.61958  0.77255  0.48576  0.95510
    109   2.62774  4.57201  3.19187  2.65900  3.71282  3.49390  2.26497  3.13710  2.57925  2.44411  3.68388  2.76798  3.89751  2.96000  2.96859  2.74404  2.73458  2.62865  5.09064  3.78632    119 h - - -
          2.68618  4.42225  2.77519  2.73123  3.46354  2.40513  3.72494  3.29354  2.67741  2.69355  4.24690  2.90347  2.73739  3.18146  2.89801  2.37887  2.77519  2.98518  4.58477  3.61503
          0.02426  4.12673  4.84907  0.61958  0.77255  0.48576  0.95510
    110   2.64063  4.93959  2.84973  2.28712  4.22791  3.39523  3.13845  3.66441  2.41069  3.22943  4.02657  2.83060  2.79113  2.64591  2.87485  2.07568  2.70780  3.30634  5.43467  4.07504    120 s - - -
          2.68618  4.42225  2.77519  2.73123  3.46354  2.40513  3.72494  3.29354  2.67741  2.69355  4.24690  2.90347  2.73739  3.18146  2.89801  2.37887  2.77519  2.98518  4.58477  3.61503
          0.02426  4.12673  4.84907  0.61958  0.77255  0.48576  0.95510
    111   2.75503  4.43574  3.59823  3.09426  2.75844  3.69876  3.89921  2.75289  3.02551  1.63443  3.43574  2.32090  4.09524  3.34019  3.34576  2.98913  3.00006  2.59823  4.74926  3.34550    121 l - - -
          2.68618  4.42225  2.77519  2.73123  3.46354  2.40513  3.72494  3.29354  2.67741  2.69355  4.24690  2.90347  2.73739  3.18146  2.89801  2.37887  2.77519  2.98518  4.58477  3.61503
          0.02426  4.12673  4.84907  0.61958  0.77255  0.48576  0.95510
    112   3.63508  5.02009  4.22394  4.00767  2.35065  4.13444  3.76823  3.61147  3.85851  2.99777  4.26102  4.05100  4.60539  4.10175  3.98687  3.74345  3.92471  3.49489  4.00180  0.62903    122 Y - - -
          2.68618  4.42225  2.77519  2.73123  3.46354  2.40513  3.72494  3.29354  2.67741  2.69355  4.24690  2.90347  2.73739  3.18146  2.89801  2.37887  2.77519  2.98518  4.58477  3.61503
          0.01640  4.11886        *  0.61958  0.77255  0.00000        *
//
