HMMER3/f [3.4 | Aug 2023]
NAME  nifX.seed.aln
LENG  134
ALPH  amino
RF    no
MM    no
CONS  yes
CS    no
MAP   yes
DATE  Thu May 28 19:46:14 2026
NSEQ  98
EFFN  1.366760
CKSUM 150403785
STATS LOCAL MSV       -9.6464  0.71139
STATS LOCAL VITERBI  -10.6074  0.71139
STATS LOCAL FORWARD   -4.6325  0.71139
HMM          A        C        D        E        F        G        H        I        K        L        M        N        P        Q        R        S        T        V        W        Y   
            m->m     m->i     m->d     i->m     i->i     d->m     d->d
  COMPO   2.52856  4.47339  2.87296  2.51687  3.36220  2.93321  3.72935  2.72076  2.55956  2.48177  3.68409  3.04494  3.41080  3.09007  3.01053  2.75692  2.84550  2.60565  4.84187  3.53754
          2.68619  4.42226  2.77521  2.73125  3.46355  2.40514  3.72496  3.29355  2.67732  2.69356  4.24638  2.90347  2.73741  3.18148  2.89802  2.37888  2.77521  2.98520  4.58478  3.61504
          0.22152  2.97630  1.91246  0.64432  0.74449  0.00000        *
      1   3.09092  4.57496  4.46793  3.97491  3.27206  4.14481  4.64591  2.28415  3.77014  1.75803  1.26568  4.21743  4.53122  4.05691  3.95984  3.53079  3.37513  2.09701  5.21237  4.03840      3 m - - -
          2.68618  4.42225  2.77519  2.73123  3.46354  2.40513  3.72494  3.29354  2.67741  2.69355  4.24690  2.90347  2.73739  3.18146  2.89801  2.37887  2.77519  2.98518  4.58477  3.61503
          0.02397  4.13884  4.86119  0.61958  0.77255  0.66453  0.72261
      2   3.14131  5.21037  3.41509  2.88165  4.65759  3.69252  3.75194  4.04985  0.90478  3.51336  4.41325  3.28758  4.11611  2.90202  2.18049  3.14639  3.33736  3.73339  5.54573  4.36964      4 k - - -
          2.68618  4.42225  2.77519  2.73123  3.46354  2.40513  3.72494  3.29354  2.67741  2.69355  4.24690  2.90347  2.73739  3.18146  2.89801  2.37887  2.77519  2.98518  4.58477  3.61503
          0.02397  4.13884  4.86119  0.61958  0.77255  0.57609  0.82574
      3   3.21631  4.50152  5.02952  4.49154  3.51094  4.59756  5.06317  1.15153  4.37757  1.99084  2.51978  4.67805  4.84936  4.55760  4.51432  3.96128  3.46012  1.45831  5.47387  4.33020      5 i - - -
          2.68618  4.42225  2.77519  2.73123  3.46354  2.40513  3.72494  3.29354  2.67741  2.69355  4.24690  2.90347  2.73739  3.18146  2.89801  2.37887  2.77519  2.98518  4.58477  3.61503
          0.02176  4.23417  4.95651  0.61958  0.77255  0.61579  0.77700
      4   0.83126  4.29002  3.68303  3.46726  4.53504  2.18940  4.51440  3.90179  3.55801  3.64631  4.48955  3.53816  3.85274  3.82102  3.82770  2.55940  2.88274  3.33414  5.87809  4.70602      6 a - - -
          2.68618  4.42225  2.77519  2.73123  3.46354  2.40513  3.72494  3.29354  2.67741  2.69355  4.24690  2.90347  2.73739  3.18146  2.89801  2.37887  2.77519  2.98518  4.58477  3.61503
          0.02176  4.23417  4.95651  0.61958  0.77255  0.52587  0.89414
      5   3.42924  4.75071  4.96860  4.43751  1.19013  4.58841  4.53062  2.47190  4.28477  1.43218  2.66505  4.56207  4.80106  4.34165  4.35998  3.93263  3.64837  2.60022  4.75898  3.33699      7 f - - -
          2.68618  4.42225  2.77519  2.73123  3.46354  2.40513  3.72494  3.29354  2.67741  2.69355  4.24690  2.90347  2.73739  3.18146  2.89801  2.37887  2.77519  2.98518  4.58477  3.61503
          0.02083  4.27737  4.99972  0.61958  0.77255  0.48607  0.95462
      6   2.11612  4.40646  3.48780  2.92368  3.55750  3.60796  3.87224  2.91611  2.86211  2.62598  2.94892  3.33756  3.99754  3.18428  2.94672  2.85655  1.95962  2.68602  4.99308  3.00791      8 t - - -
          2.68618  4.42225  2.77519  2.73123  3.46354  2.40513  3.72494  3.29354  2.67741  2.69355  4.24690  2.90347  2.73739  3.18146  2.89801  2.37887  2.77519  2.98518  4.58477  3.61503
          0.01934  4.35101  5.07336  0.61958  0.77255  0.51664  0.90763
      7   2.71801  4.83573  3.11106  2.59767  4.10095  3.51692  3.75171  3.50396  2.50159  2.85309  3.95555  2.61484  3.93297  2.63599  2.78715  2.77190  1.62429  3.19432  5.36877  4.06149      9 t - - -
          2.68618  4.42225  2.77519  2.73123  3.46354  2.40513  3.72494  3.29354  2.67741  2.69355  4.24690  2.90347  2.73739  3.18146  2.89801  2.37887  2.77519  2.98518  4.58477  3.61503
          0.01934  4.35101  5.07336  0.61958  0.77255  0.51664  0.90763
      8   2.65934  4.79532  2.92744  2.42357  4.28572  3.45726  3.51403  3.72873  2.38499  3.15530  4.06180  2.68208  3.00520  2.66624  2.73414  1.90593  2.63000  3.35933  5.47446  4.10688     10 s - - -
          2.68618  4.42225  2.77519  2.73123  3.46354  2.40513  3.72494  3.29354  2.67741  2.69355  4.24690  2.90347  2.73739  3.18146  2.89801  2.37887  2.77519  2.98518  4.58477  3.61503
          0.01934  4.35101  5.07336  0.61958  0.77255  0.51664  0.90763
      9   3.18439  5.78923  0.91738  2.06293  5.11687  2.49645  3.99702  4.66042  3.07763  4.14113  5.00639  2.86153  4.04698  3.17098  3.71538  3.05296  3.49067  4.20663  6.29335  4.75513     11 d - - -
          2.68618  4.42225  2.77519  2.73123  3.46354  2.40513  3.72494  3.29354  2.67741  2.69355  4.24690  2.90347  2.73739  3.18146  2.89801  2.37887  2.77519  2.98518  4.58477  3.61503
          0.01934  4.35101  5.07336  0.61958  0.77255  0.51664  0.90763
     10   2.67462  5.16175  2.71069  1.98400  4.49813  3.11904  3.53194  3.97644  2.21932  3.26644  4.20636  2.63824  3.83627  2.59822  2.24839  2.51396  2.90595  3.54806  5.59683  4.19302     12 e - - -
          2.68618  4.42225  2.77519  2.73123  3.46354  2.40513  3.72494  3.29354  2.67741  2.69355  4.24690  2.90347  2.73739  3.18146  2.89801  2.37887  2.77519  2.98518  4.58477  3.61503
          0.01934  4.35101  5.07336  0.61958  0.77255  0.51664  0.90763
     11   2.88510  4.29631  4.44087  3.87903  3.49857  4.08078  4.46470  1.54540  3.75953  2.21163  3.43087  3.47475  4.43594  4.00329  3.94905  3.39474  2.78684  1.34785  5.12435  3.92333     13 v - - -
          2.68618  4.42225  2.77519  2.73123  3.46354  2.40513  3.72494  3.29354  2.67741  2.69355  4.24690  2.90347  2.73739  3.18146  2.89801  2.37887  2.77519  2.98518  4.58477  3.61503
          0.01934  4.35101  5.07336  0.61958  0.77255  0.51664  0.90763
     12   2.83640  5.17458  2.79134  1.81833  4.30057  3.48802  1.78151  3.90375  2.52191  3.44049  4.25384  2.79012  3.94451  2.89747  2.96785  2.81235  3.07447  3.54140  5.53629  3.63861     14 h - - -
          2.68618  4.42225  2.77519  2.73123  3.46354  2.40513  3.72494  3.29354  2.67741  2.69355  4.24690  2.90347  2.73739  3.18146  2.89801  2.37887  2.77519  2.98518  4.58477  3.61503
          0.01934  4.35101  5.07336  0.61958  0.77255  0.51664  0.90763
     13   3.36515  4.60715  5.28711  4.76880  3.64238  4.83709  5.36134  1.11773  4.66789  1.62624  3.41502  4.94645  5.05334  4.83703  4.79309  4.22598  3.61110  1.37905  5.68993  4.54687     15 i - - -
          2.68618  4.42225  2.77519  2.73123  3.46354  2.40513  3.72494  3.29354  2.67741  2.69355  4.24690  2.90347  2.73739  3.18146  2.89801  2.37887  2.77519  2.98518  4.58477  3.61503
          0.01934  4.35101  5.07336  0.61958  0.77255  0.51664  0.90763
     14   3.14064  5.74645  1.85283  2.09700  5.03798  3.39939  3.95163  4.57627  2.97833  4.05663  4.90547  1.10725  4.02811  3.11716  3.58392  3.01588  3.43221  4.13321  6.20728  4.68235     16 n - - -
          2.68618  4.42225  2.77519  2.73123  3.46354  2.40513  3.72494  3.29354  2.67741  2.69355  4.24690  2.90347  2.73739  3.18146  2.89801  2.37887  2.77519  2.98518  4.58477  3.61503
          0.23614  4.35101  1.62235  0.61958  0.77255  0.51664  0.90763
     15   1.09815  4.20209  3.63066  3.29157  4.30842  2.88343  4.30374  3.67894  3.30461  3.39900  4.22901  3.41019  3.76328  3.58690  3.60864  2.07919  2.28587  3.16146  5.66793  4.46974     17 a - - -
          2.68618  4.42225  2.77519  2.73123  3.46354  2.40513  3.72494  3.29354  2.67741  2.69355  4.24690  2.90347  2.73739  3.18146  2.89801  2.37887  2.77519  2.98518  4.58477  3.61503
          0.02397  4.13884  4.86119  0.61958  0.77255  0.75812  0.63214
     16   2.98330  5.11965  2.44804  2.53699  3.91761  3.45182  1.17891  3.94495  2.77072  3.48915  4.40187  3.05622  4.01037  3.12532  3.17614  2.97669  3.26745  3.61239  5.30652  3.81596     18 h - - -
          2.68618  4.42225  2.77519  2.73123  3.46354  2.40513  3.72494  3.29354  2.67741  2.69355  4.24690  2.90347  2.73739  3.18146  2.89801  2.37887  2.77519  2.98518  4.58477  3.61503
          0.02397  4.13884  4.86119  0.61958  0.77255  0.75812  0.63214
     17   3.61836  4.94420  4.60609  4.37854  0.65923  4.22999  4.02503  3.11807  4.28109  2.42974  3.81302  4.33042  4.68808  4.37708  4.33447  3.86922  3.92241  3.12713  4.20885  2.54812     19 F - - -
          2.68618  4.42225  2.77519  2.73123  3.46354  2.40513  3.72494  3.29354  2.67741  2.69355  4.24690  2.90347  2.73739  3.18146  2.89801  2.37887  2.77519  2.98518  4.58477  3.61503
          0.02397  4.13884  4.86119  0.61958  0.77255  0.75812  0.63214
     18   3.03118  4.77156  3.75881  3.69613  4.81721  0.41543  4.79190  4.48977  3.91316  4.10743  5.09125  3.92422  4.17054  4.21673  4.11211  3.21203  3.53304  3.96650  5.83364  4.93095     20 G - - -
          2.68618  4.42225  2.77519  2.73123  3.46354  2.40513  3.72494  3.29354  2.67741  2.69355  4.24690  2.90347  2.73739  3.18146  2.89801  2.37887  2.77519  2.98518  4.58477  3.61503
          0.02397  4.13884  4.86119  0.61958  0.77255  0.75812  0.63214
     19   2.57562  4.28034  3.65340  3.13885  3.32586  3.36175  3.91939  2.89101  3.02023  2.60622  3.52783  3.43923  3.97428  3.35062  3.31004  2.21133  2.87114  2.40227  2.01701  3.48528     21 w - - -
          2.68618  4.42225  2.77519  2.73123  3.46354  2.40513  3.72494  3.29354  2.67741  2.69355  4.24690  2.90347  2.73739  3.18146  2.89801  2.37887  2.77519  2.98518  4.58477  3.61503
          0.02397  4.13884  4.86119  0.61958  0.77255  0.75812  0.63214
     20   0.85771  4.20624  3.64649  3.41319  4.34886  3.02149  4.42278  3.57324  3.43525  3.41898  4.30824  3.47661  3.79547  3.73472  3.69181  2.36595  2.70816  3.09406  5.74933  4.54718     22 a - - -
          2.68618  4.42225  2.77519  2.73123  3.46354  2.40513  3.72494  3.29354  2.67741  2.69355  4.24690  2.90347  2.73739  3.18146  2.89801  2.37887  2.77519  2.98518  4.58477  3.61503
          0.02397  4.13884  4.86119  0.61958  0.77255  0.75812  0.63214
     21   2.91048  5.22022  3.15713  2.38549  4.62941  3.58333  3.62641  4.02240  1.40850  3.46896  4.28175  3.01251  3.96484  2.35506  2.08688  2.84112  3.10317  3.65370  5.54319  4.28069     23 k - - -
          2.68618  4.42225  2.77519  2.73123  3.46354  2.40513  3.72494  3.29354  2.67741  2.69355  4.24690  2.90347  2.73739  3.18146  2.89801  2.37887  2.77519  2.98518  4.58477  3.61503
          0.02397  4.13884  4.86119  0.61958  0.77255  0.74810  0.64105
     22   2.64992  5.01365  2.91329  1.83095  4.31530  3.42009  3.60385  3.75911  2.06737  3.23795  3.65948  2.84331  3.81744  2.43534  2.76082  2.63760  2.82016  3.38183  5.46264  3.92954     24 e - - -
          2.68618  4.42225  2.77519  2.73123  3.46354  2.40513  3.72494  3.29354  2.67741  2.69355  4.24690  2.90347  2.73739  3.18146  2.89801  2.37887  2.77519  2.98518  4.58477  3.61503
          0.02384  4.14402  4.86637  0.61958  0.77255  0.75339  0.63632
     23   2.54101  4.34000  4.53987  3.97705  3.01586  4.18515  4.55360  1.26011  3.86440  1.95945  2.95540  4.19487  4.49785  4.07110  4.03968  3.50575  3.19729  1.90159  5.11909  3.94561     25 i - - -
          2.68618  4.42225  2.77519  2.73123  3.46354  2.40513  3.72494  3.29354  2.67741  2.69355  4.24690  2.90347  2.73739  3.18146  2.89801  2.37887  2.77519  2.98518  4.58477  3.61503
          0.02384  4.14402  4.86637  0.61958  0.77255  0.75339  0.63632
     24   2.60266  5.18835  1.19793  2.23928  4.59538  3.29894  3.82821  3.97350  2.77803  3.60308  4.45433  2.84262  3.88830  2.99437  3.31347  2.80249  3.01564  3.40258  5.83107  4.40008     26 d - - -
          2.68618  4.42225  2.77519  2.73123  3.46354  2.40513  3.72494  3.29354  2.67741  2.69355  4.24690  2.90347  2.73739  3.18146  2.89801  2.37887  2.77519  2.98518  4.58477  3.61503
          0.02384  4.14402  4.86637  0.61958  0.77255  0.75339  0.63632
     25   3.19308  4.47355  4.97975  4.47198  3.63823  4.60916  5.16232  1.43468  4.36538  2.03684  3.43158  4.68385  4.88267  4.61370  4.55120  3.99390  3.45025  0.99265  5.62674  4.42843     27 v - - -
          2.68618  4.42225  2.77519  2.73123  3.46354  2.40513  3.72494  3.29354  2.67741  2.69355  4.24690  2.90347  2.73739  3.18146  2.89801  2.37887  2.77519  2.98518  4.58477  3.61503
          0.02384  4.14402  4.86637  0.61958  0.77255  0.75339  0.63632
     26   3.66314  5.04097  4.25110  4.03903  2.35843  4.15587  3.78087  3.63757  3.88951  3.01910  4.28540  4.07446  4.62683  4.12825  4.01383  3.76932  3.95309  3.52193  4.00990  0.61122     28 Y - - -
          2.68618  4.42225  2.77519  2.73123  3.46354  2.40513  3.72494  3.29354  2.67741  2.69355  4.24690  2.90347  2.73739  3.18146  2.89801  2.37887  2.77519  2.98518  4.58477  3.61503
          0.02384  4.14402  4.86637  0.61958  0.77255  0.75339  0.63632
     27   3.03755  5.59718  1.87579  1.05339  4.89087  3.30456  3.85348  4.41220  2.86783  3.91454  4.77255  2.77318  3.92822  3.02150  3.45725  2.92040  3.32751  3.98583  6.05695  4.56021     29 e - - -
          2.68618  4.42225  2.77519  2.73123  3.46354  2.40513  3.72494  3.29354  2.67741  2.69355  4.24690  2.90347  2.73739  3.18146  2.89801  2.37887  2.77519  2.98518  4.58477  3.61503
          0.02384  4.14402  4.86637  0.61958  0.77255  0.75339  0.63632
     28   3.19144  4.47387  4.99866  4.51086  3.67927  4.59960  5.21601  1.20711  4.40675  2.16358  3.46848  4.70865  4.89444  4.66396  4.59180  3.99995  3.45725  1.10574  5.67922  4.47351     30 v - - -
          2.68618  4.42225  2.77519  2.73123  3.46354  2.40513  3.72494  3.29354  2.67741  2.69355  4.24690  2.90347  2.73739  3.18146  2.89801  2.37887  2.77519  2.98518  4.58477  3.61503
          0.02384  4.14402  4.86637  0.61958  0.77255  0.37641  1.15939
     29   2.63525  4.31198  2.40112  2.50544  4.21008  3.44058  3.72974  3.63766  2.53096  3.22855  4.03184  2.91577  3.87445  2.87483  2.99829  1.65619  2.61369  3.28305  5.45393  3.84695     31 s - - -
          2.68618  4.42225  2.77519  2.73123  3.46354  2.40513  3.72494  3.29354  2.67741  2.69355  4.24690  2.90347  2.73739  3.18146  2.89801  2.37887  2.77519  2.98518  4.58477  3.61503
          0.01926  4.35521  5.07755  0.61958  0.77255  0.51061  0.91661
     30   2.61094  5.13145  2.34822  2.25708  4.45466  3.43770  3.63791  3.92624  2.15773  3.42724  3.93177  2.89657  2.61589  2.55254  2.87523  2.51624  2.65055  3.51068  5.57699  4.17774     32 k - - -
          2.68618  4.42225  2.77519  2.73123  3.46354  2.40513  3.72494  3.29354  2.67741  2.69355  4.24690  2.90347  2.73739  3.18146  2.89801  2.37887  2.77519  2.98518  4.58477  3.61503
          0.01926  4.35521  5.07755  0.61958  0.77255  0.51061  0.91661
     31   2.68428  5.16175  2.44678  1.92537  4.47964  3.43532  3.62553  3.95230  2.38159  3.45532  4.21319  2.75452  2.53362  2.69866  2.91795  2.66625  2.58044  3.53841  5.60822  3.76814     33 e - - -
          2.68618  4.42225  2.77519  2.73123  3.46354  2.40513  3.72494  3.29354  2.67741  2.69355  4.24690  2.90347  2.73739  3.18146  2.89801  2.37887  2.77519  2.98518  4.58477  3.61503
          0.01926  4.35521  5.07755  0.61958  0.77255  0.51061  0.91661
     32   2.30637  4.43677  3.48212  2.95343  3.48600  1.64049  3.95856  3.13162  2.91938  2.72146  3.72329  3.33642  3.95721  3.23637  3.23243  2.49729  2.88874  2.55011  5.18922  3.94026     34 g - - -
          2.68618  4.42225  2.77519  2.73123  3.46354  2.40513  3.72494  3.29354  2.67741  2.69355  4.24690  2.90347  2.73739  3.18146  2.89801  2.37887  2.77519  2.98518  4.58477  3.61503
          0.01926  4.35521  5.07755  0.61958  0.77255  0.51061  0.91661
     33   4.08673  5.21511  5.04058  4.81792  1.25140  4.74651  3.64116  3.77153  4.63885  3.05769  4.34551  4.37664  5.03930  4.48802  4.58226  3.92723  4.30218  3.68988  3.74791  0.85035     35 y - - -
          2.68618  4.42225  2.77519  2.73123  3.46354  2.40513  3.72494  3.29354  2.67741  2.69355  4.24690  2.90347  2.73739  3.18146  2.89801  2.37887  2.77519  2.98518  4.58477  3.61503
          0.01926  4.35521  5.07755  0.61958  0.77255  0.51061  0.91661
     34   2.71859  5.20298  2.80126  1.71472  4.53440  3.44117  3.12499  4.01161  2.23565  3.49854  4.25241  2.62550  3.85965  2.31355  2.88800  2.59819  2.75931  3.58735  5.63684  4.23140     36 e - - -
          2.68618  4.42225  2.77519  2.73123  3.46354  2.40513  3.72494  3.29354  2.67741  2.69355  4.24690  2.90347  2.73739  3.18146  2.89801  2.37887  2.77519  2.98518  4.58477  3.61503
          0.01926  4.35521  5.07755  0.61958  0.77255  0.47053  0.97995
     35   3.23821  4.57450  4.96976  4.38833  1.41068  4.44306  4.64635  2.09547  4.23466  1.54091  2.33784  4.51075  4.68635  4.29933  4.28629  3.77012  3.45799  2.50715  4.96734  3.61234     37 f - - -
          2.68618  4.42225  2.77519  2.73123  3.46354  2.40513  3.72494  3.29354  2.67741  2.69355  4.24690  2.90347  2.73739  3.18146  2.89801  2.37887  2.77519  2.98518  4.58477  3.61503
          0.01893  4.37207  5.09441  0.61958  0.77255  0.48576  0.95510
     36   2.61208  4.44732  3.35854  2.43998  3.59814  2.89002  3.85148  2.64451  2.82791  2.14544  3.54860  3.12366  3.98839  3.14333  3.15882  2.81571  2.88877  2.12339  5.02246  3.77469     38 v - - -
          2.68618  4.42225  2.77519  2.73123  3.46354  2.40513  3.72494  3.29354  2.67741  2.69355  4.24690  2.90347  2.73739  3.18146  2.89801  2.37887  2.77519  2.98518  4.58477  3.61503
          0.01893  4.37207  5.09441  0.61958  0.77255  0.48576  0.95510
     37   2.59175  5.28787  2.49556  1.53156  4.61422  3.43400  3.46033  4.10156  2.45914  3.58365  4.34215  2.41452  3.88427  2.49006  2.90043  2.72255  3.01480  3.67012  5.72216  4.29779     39 e - - -
          2.68618  4.42225  2.77519  2.73123  3.46354  2.40513  3.72494  3.29354  2.67741  2.69355  4.24690  2.90347  2.73739  3.18146  2.89801  2.37887  2.77519  2.98518  4.58477  3.61503
          0.01893  4.37207  5.09441  0.61958  0.77255  0.48576  0.95510
     38   2.73424  5.00500  3.18758  2.64528  4.36375  3.56652  3.75210  3.76200  1.83077  3.32307  4.14508  3.01557  3.98170  2.89551  2.48881  2.84116  1.60750  3.42096  5.50503  4.21398     40 t - - -
          2.68618  4.42225  2.77519  2.73123  3.46354  2.40513  3.72494  3.29354  2.67741  2.69355  4.24690  2.90347  2.73739  3.18146  2.89801  2.37887  2.77519  2.98518  4.58477  3.61503
          0.01893  4.37207  5.09441  0.61958  0.77255  0.48576  0.95510
     39   3.39082  4.66345  5.21866  4.66902  3.30782  4.76272  5.16658  1.87366  4.55139  1.06936  3.21238  4.85375  4.96378  4.65205  4.64259  4.12762  3.62414  1.38657  5.46328  4.36441     41 l - - -
          2.68618  4.42225  2.77519  2.73123  3.46354  2.40513  3.72494  3.29354  2.67741  2.69355  4.24690  2.90347  2.73739  3.18146  2.89801  2.37887  2.77519  2.98518  4.58477  3.61503
          0.01893  4.37207  5.09441  0.61958  0.77255  0.48576  0.95510
     40   2.67090  4.28526  2.86741  2.23251  4.37418  3.45944  3.64673  3.66303  1.97549  3.35459  4.12168  2.82489  3.85148  2.75932  2.14787  2.58896  2.55690  3.37503  5.52407  4.14497     42 k - - -
          2.68618  4.42225  2.77519  2.73123  3.46354  2.40513  3.72494  3.29354  2.67741  2.69355  4.24690  2.90347  2.73739  3.18146  2.89801  2.37887  2.77519  2.98518  4.58477  3.61503
          0.01893  4.37207  5.09441  0.61958  0.77255  0.48576  0.95510
     41   3.04972  4.44322  4.66150  4.09663  1.48064  4.21157  4.48229  2.38059  3.95574  1.58034  3.18664  4.25315  4.52945  4.11361  4.07831  3.53375  2.90481  2.05692  4.94122  3.68599     43 f - - -
          2.68618  4.42225  2.77519  2.73123  3.46354  2.40513  3.72494  3.29354  2.67741  2.69355  4.24690  2.90347  2.73739  3.18146  2.89801  2.37887  2.77519  2.98518  4.58477  3.61503
          0.01893  4.37207  5.09441  0.61958  0.77255  0.48576  0.95510
     42   2.46783  5.15209  2.57867  1.96836  4.26278  2.98849  3.63707  3.95937  2.25111  3.45097  4.19811  2.81420  3.78666  2.73954  2.26424  2.58331  2.85899  3.53536  5.59278  4.18936     44 e - - -
          2.68618  4.42225  2.77519  2.73123  3.46354  2.40513  3.72494  3.29354  2.67741  2.69355  4.24690  2.90347  2.73739  3.18146  2.89801  2.37887  2.77519  2.98518  4.58477  3.61503
          0.01893  4.37207  5.09441  0.61958  0.77255  0.48576  0.95510
     43   2.76823  5.12565  2.81146  2.46968  4.44933  1.87958  3.69668  3.89164  1.97262  3.41364  4.20021  2.99769  3.91438  2.81876  2.36326  2.73204  2.99791  3.51191  5.57304  4.03261     45 g - - -
          2.68618  4.42225  2.77519  2.73123  3.46354  2.40513  3.72494  3.29354  2.67741  2.69355  4.24690  2.90347  2.73739  3.18146  2.89801  2.37887  2.77519  2.98518  4.58477  3.61503
          0.01893  4.37207  5.09441  0.61958  0.77255  0.48576  0.95510
     44   2.67157  5.03846  2.16343  2.28446  4.32725  3.45737  3.65980  3.77596  2.42486  2.85042  3.11621  2.60013  3.85546  2.53599  2.90660  2.48044  2.90367  3.33366  5.50584  4.12995     46 d - - -
          2.68627  4.42234  2.77519  2.73123  3.46363  2.40515  3.72504  3.29347  2.67733  2.69355  4.24699  2.90335  2.73740  3.18141  2.89799  2.37896  2.77510  2.98527  4.58486  3.61469
          0.04610  3.24629  5.09441  1.74085  0.19282  0.48576  0.95510
     45   2.97979  4.37939  4.58998  4.02572  3.38087  4.16665  4.54417  1.58611  3.88334  1.29817  3.28451  4.21007  4.50421  4.09324  4.03566  2.91588  3.22274  2.01778  5.11069  3.93904     63 l - - -
          2.68618  4.42225  2.77519  2.73123  3.46354  2.40513  3.72494  3.29354  2.67741  2.69355  4.24690  2.90347  2.73739  3.18146  2.89801  2.37887  2.77519  2.98518  4.58477  3.61503
          0.01893  4.37207  5.09441  0.61958  0.77255  0.48576  0.95510
     46   2.80184  5.28102  3.13330  2.34834  4.67338  3.59937  3.68977  4.09801  1.52224  3.54823  4.33445  2.51486  3.98539  2.68584  1.92959  2.85831  3.09960  3.70247  5.63494  4.32422     64 k - - -
          2.68618  4.42225  2.77519  2.73123  3.46354  2.40513  3.72494  3.29354  2.67741  2.69355  4.24690  2.90347  2.73739  3.18146  2.89801  2.37887  2.77519  2.98518  4.58477  3.61503
          0.01893  4.37207  5.09441  0.61958  0.77255  0.48576  0.95510
     47   2.83150  5.37884  2.66931  1.53340  4.70911  3.46142  3.75749  4.18800  2.19496  3.66531  4.44625  1.97914  3.94155  2.61414  2.98475  2.81878  3.12250  3.76638  5.79736  4.38390     65 e - - -
          2.68618  4.42225  2.77519  2.73123  3.46354  2.40513  3.72494  3.29354  2.67741  2.69355  4.24690  2.90347  2.73739  3.18146  2.89801  2.37887  2.77519  2.98518  4.58477  3.61503
          0.01893  4.37207  5.09441  0.61958  0.77255  0.48576  0.95510
     48   2.66894  5.59900  0.89310  2.26437  5.01199  3.01517  3.99583  4.52368  3.04393  4.03684  4.88832  2.81942  4.03434  3.16822  3.65120  3.00441  3.41431  4.07421  6.20929  4.70352     66 d - - -
          2.68618  4.42225  2.77519  2.73123  3.46354  2.40513  3.72494  3.29354  2.67741  2.69355  4.24690  2.90347  2.73739  3.18146  2.89801  2.37887  2.77519  2.98518  4.58477  3.61503
          0.01893  4.37207  5.09441  0.61958  0.77255  0.48576  0.95510
     49   2.71899  5.03384  2.82060  2.39499  4.47470  1.34453  3.87316  3.89971  2.36629  3.47922  4.30614  2.97105  3.97188  3.03598  3.08851  2.83827  2.85541  3.52481  5.68738  4.34509     67 g - - -
          2.68618  4.42225  2.77519  2.73123  3.46354  2.40513  3.72494  3.29354  2.67741  2.69355  4.24690  2.90347  2.73739  3.18146  2.89801  2.37887  2.77519  2.98518  4.58477  3.61503
          0.01893  4.37207  5.09441  0.61958  0.77255  0.48576  0.95510
     50   2.76426  5.14557  2.52083  2.39658  4.46451  3.43993  3.24326  3.92710  2.54826  3.46418  4.25133  1.80988  3.90076  2.87071  3.04167  2.60133  2.08525  3.53700  5.64447  4.25076     68 n - - -
          2.68613  4.42237  2.77530  2.73119  3.46223  2.40525  3.72507  3.29366  2.67753  2.69367  4.24702  2.90359  2.73682  3.18159  2.89813  2.37887  2.77532  2.98531  4.58489  3.61515
          0.32115  1.31470  5.09441  0.75555  0.63441  0.48576  0.95510
     51   3.06536  5.59255  2.23225  1.16795  4.93833  1.93200  3.93381  4.45102  2.90949  3.94715  4.77652  2.89520  4.01657  3.09173  3.48401  2.97013  3.35279  4.01435  6.10168  4.61935     72 e - - -
          2.68618  4.42225  2.77519  2.73123  3.46354  2.40513  3.72494  3.29354  2.67741  2.69355  4.24690  2.90347  2.73739  3.18146  2.89801  2.37887  2.77519  2.98518  4.58477  3.61503
          0.01893  4.37207  5.09441  0.61958  0.77255  0.48576  0.95510
     52   2.78220  5.28310  1.61991  2.20756  4.61111  3.44322  3.70425  4.09339  2.14087  3.57662  4.33843  2.84960  3.89104  2.61946  2.75832  2.68537  2.84445  3.66654  5.71449  4.29796     73 d - - -
          2.68618  4.42225  2.77519  2.73123  3.46354  2.40513  3.72494  3.29354  2.67741  2.69355  4.24690  2.90347  2.73739  3.18146  2.89801  2.37887  2.77519  2.98518  4.58477  3.61503
          0.01893  4.37207  5.09441  0.61958  0.77255  0.48576  0.95510
     53   2.83893  5.31586  2.18047  2.19408  4.66046  3.48239  3.71832  4.12930  1.43230  3.60193  4.37493  2.94894  3.92838  2.83355  2.61289  2.78774  3.07170  3.71013  5.72432  4.33320     74 k - - -
          2.68618  4.42225  2.77519  2.73123  3.46354  2.40513  3.72494  3.29354  2.67741  2.69355  4.24690  2.90347  2.73739  3.18146  2.89801  2.37887  2.77519  2.98518  4.58477  3.61503
          0.01893  4.37207  5.09441  0.61958  0.77255  0.48576  0.95510
     54   2.69492  4.18474  4.09809  3.51619  3.29540  3.79314  4.10390  1.90236  3.39161  1.70614  3.28675  3.75152  4.16341  3.63655  3.19026  2.80215  2.63211  2.12666  4.82175  3.62771     75 l - - -
          2.68618  4.42225  2.77519  2.73123  3.46354  2.40513  3.72494  3.29354  2.67741  2.69355  4.24690  2.90347  2.73739  3.18146  2.89801  2.37887  2.77519  2.98518  4.58477  3.61503
          0.01893  4.37207  5.09441  0.61958  0.77255  0.48576  0.95510
     55   2.28842  4.65592  3.20837  2.52179  3.86160  2.51801  3.76709  3.14498  2.63019  2.84721  3.75773  3.07125  3.92541  2.97095  2.82089  2.75361  2.32678  2.48193  5.21031  3.92065     76 a - - -
          2.68618  4.42225  2.77519  2.73123  3.46354  2.40513  3.72494  3.29354  2.67741  2.69355  4.24690  2.90347  2.73739  3.18146  2.89801  2.37887  2.77519  2.98518  4.58477  3.61503
          0.01893  4.37207  5.09441  0.61958  0.77255  0.48576  0.95510
     56   2.60458  4.93917  2.96865  2.12973  4.25958  3.45572  3.73045  3.68802  2.52172  3.26939  4.07156  3.00850  2.01227  2.76459  2.98678  2.47454  2.58128  3.16780  5.48830  4.13814     77 p - - -
          2.68618  4.42225  2.77519  2.73123  3.46354  2.40513  3.72494  3.29354  2.67741  2.69355  4.24690  2.90347  2.73739  3.18146  2.89801  2.37887  2.77519  2.98518  4.58477  3.61503
          0.01893  4.37207  5.09441  0.61958  0.77255  0.48576  0.95510
     57   2.71469  4.83626  3.16410  2.60567  4.09431  3.53889  3.74211  2.89311  1.54860  3.09887  3.93604  2.83722  3.93592  2.90534  2.88347  2.76952  2.49463  2.96231  5.36071  4.05482     78 k - - -
          2.68618  4.42225  2.77519  2.73123  3.46354  2.40513  3.72494  3.29354  2.67741  2.69355  4.24690  2.90347  2.73739  3.18146  2.89801  2.37887  2.77519  2.98518  4.58477  3.61503
          0.01893  4.37207  5.09441  0.61958  0.77255  0.48576  0.95510
     58   3.54939  4.80924  5.36580  4.79358  3.26258  4.89805  5.23043  1.63727  4.66237  0.87314  2.46582  4.99710  5.02224  4.66364  4.69770  4.26381  3.76567  2.23975  5.40059  4.39010     79 l - - -
          2.68618  4.42225  2.77519  2.73123  3.46354  2.40513  3.72494  3.29354  2.67741  2.69355  4.24690  2.90347  2.73739  3.18146  2.89801  2.37887  2.77519  2.98518  4.58477  3.61503
          0.01893  4.37207  5.09441  0.61958  0.77255  0.48576  0.95510
     59   2.06937  5.27420  2.41159  1.70345  4.59422  3.43249  3.71113  4.07776  2.38570  3.56993  4.33358  2.60174  3.88716  2.74450  3.01747  2.52284  3.01882  3.65364  5.71736  4.29461     80 e - - -
          2.68618  4.42225  2.77519  2.73123  3.46354  2.40513  3.72494  3.29354  2.67741  2.69355  4.24690  2.90347  2.73739  3.18146  2.89801  2.37887  2.77519  2.98518  4.58477  3.61503
          0.01893  4.37207  5.09441  0.61958  0.77255  0.48576  0.95510
     60   1.47668  5.00662  3.06990  2.60739  4.38179  3.52510  3.78087  3.78855  1.97908  3.35661  4.17981  3.10234  3.97205  2.45353  2.79810  2.80064  3.05495  3.43850  5.54775  4.23868     81 a - - -
          2.68618  4.42225  2.77519  2.73123  3.46354  2.40513  3.72494  3.29354  2.67741  2.69355  4.24690  2.90347  2.73739  3.18146  2.89801  2.37887  2.77519  2.98518  4.58477  3.61503
          0.01893  4.37207  5.09441  0.61958  0.77255  0.48576  0.95510
     61   2.52117  4.44851  3.50755  2.71043  3.59125  3.65401  3.89552  2.66668  2.31246  1.68794  3.53568  3.36230  4.03341  3.19690  3.20245  2.90145  2.92535  2.48083  5.03473  3.79665     82 l - - -
          2.68618  4.42225  2.77519  2.73123  3.46354  2.40513  3.72494  3.29354  2.67741  2.69355  4.24690  2.90347  2.73739  3.18146  2.89801  2.37887  2.77519  2.98518  4.58477  3.61503
          0.01893  4.37207  5.09441  0.61958  0.77255  0.48576  0.95510
     62   2.23489  4.96578  2.93665  2.41272  4.23557  2.48896  3.48963  3.52834  2.34164  3.00158  4.02765  2.72136  3.86095  2.73709  2.71776  2.48808  2.89223  3.11889  5.44645  4.03268     83 a - - -
          2.68618  4.42225  2.77519  2.73123  3.46354  2.40513  3.72494  3.29354  2.67741  2.69355  4.24690  2.90347  2.73739  3.18146  2.89801  2.37887  2.77519  2.98518  4.58477  3.61503
          0.01893  4.37207  5.09441  0.61958  0.77255  0.48576  0.95510
     63   3.01791  5.58662  1.12552  2.00761  4.88941  3.04709  3.86990  4.39966  2.79549  3.88006  4.68924  2.76636  3.98763  3.01471  2.88660  2.92113  3.28637  3.96462  6.03078  4.55052     84 d - - -
          2.68618  4.42225  2.77519  2.73123  3.46354  2.40513  3.72494  3.29354  2.67741  2.69355  4.24690  2.90347  2.73739  3.18146  2.89801  2.37887  2.77519  2.98518  4.58477  3.61503
          0.01893  4.37207  5.09441  0.61958  0.77255  0.48576  0.95510
     64   2.89668  1.43578  4.65928  4.13301  3.61357  4.02700  4.67945  1.82418  3.99216  2.40364  3.52013  4.23545  4.48132  4.22380  4.14783  3.39751  2.98923  1.79521  5.30275  4.10988     85 c - - -
          2.68618  4.42225  2.77519  2.73123  3.46354  2.40513  3.72494  3.29354  2.67741  2.69355  4.24690  2.90347  2.73739  3.18146  2.89801  2.37887  2.77519  2.98518  4.58477  3.61503
          0.01893  4.37207  5.09441  0.61958  0.77255  0.48576  0.95510
     65   2.49569  4.69077  3.19845  2.77785  4.29933  2.03699  3.95757  3.69806  2.36394  3.33183  4.15937  3.20672  3.93058  3.14217  3.16113  2.72330  1.57679  3.30881  5.57511  4.28484     86 t - - -
          2.68618  4.42225  2.77519  2.73123  3.46354  2.40513  3.72494  3.29354  2.67741  2.69355  4.24690  2.90347  2.73739  3.18146  2.89801  2.37887  2.77519  2.98518  4.58477  3.61503
          0.19998  4.37207  1.78005  0.61958  0.77255  0.48576  0.95510
     66   3.32599  4.61493  5.01058  4.51284  3.43307  4.66885  5.11972  0.95767  4.34277  1.62545  3.25823  4.73575  4.91442  4.57064  4.49276  4.06938  3.57682  1.85567  5.48332  4.29772     87 i - - -
          2.68618  4.42225  2.77519  2.73123  3.46354  2.40513  3.72494  3.29354  2.67741  2.69355  4.24690  2.90347  2.73739  3.18146  2.89801  2.37887  2.77519  2.98518  4.58477  3.61503
          0.07455  4.19473  2.86881  0.61958  0.77255  0.70453  0.68189
     67   3.16974  4.48379  4.85970  4.34839  3.57885  4.51880  5.04155  1.71514  4.22181  1.90820  3.39507  4.57557  4.81427  4.48413  4.41783  3.89692  3.42969  0.93440  5.54486  4.33865     88 v - - -
          2.68618  4.42225  2.77519  2.73123  3.46354  2.40513  3.72494  3.29354  2.67741  2.69355  4.24690  2.90347  2.73739  3.18146  2.89801  2.37887  2.77519  2.98518  4.58477  3.61503
          0.02384  4.14402  4.86637  0.61958  0.77255  0.41872  1.07262
     68   4.06860  5.23112  4.92380  4.69559  1.87293  4.69656  3.65344  3.73766  4.52351  3.00616  4.32428  4.34346  5.00892  4.44059  4.51253  4.10304  4.29418  3.67512  3.76945  0.59051     89 Y - - -
          2.68618  4.42225  2.77519  2.73123  3.46354  2.40513  3.72494  3.29354  2.67741  2.69355  4.24690  2.90347  2.73739  3.18146  2.89801  2.37887  2.77519  2.98518  4.58477  3.61503
          0.01976  4.32977  5.05212  0.61958  0.77255  0.54622  0.86544
     69   3.17554  4.50490  4.91629  4.41546  3.79661  4.50644  5.12481  1.73184  4.29829  2.30696  3.60541  4.61186  4.85196  4.57947  4.49901  3.89052  3.08396  0.79619  5.69618  4.48318     90 v - - -
          2.68618  4.42225  2.77519  2.73123  3.46354  2.40513  3.72494  3.29354  2.67741  2.69355  4.24690  2.90347  2.73739  3.18146  2.89801  2.37887  2.77519  2.98518  4.58477  3.61503
          0.01976  4.32977  5.05212  0.61958  0.77255  0.54622  0.86544
     70   2.09951  4.46527  3.39024  2.83237  3.55405  3.55615  3.84598  3.00350  2.59142  2.59674  3.59982  3.26743  3.96227  3.11793  3.18305  2.17635  2.54402  2.24950  5.07235  3.81860     91 a - - -
          2.68618  4.42225  2.77519  2.73123  3.46354  2.40513  3.72494  3.29354  2.67741  2.69355  4.24690  2.90347  2.73739  3.18146  2.89801  2.37887  2.77519  2.98518  4.58477  3.61503
          0.01976  4.32977  5.05212  0.61958  0.77255  0.54622  0.86544
     71   1.32066  4.46138  3.24461  3.03281  4.42352  2.48038  4.18390  3.85091  3.10742  3.49541  4.30472  3.33537  3.87210  3.39951  3.50056  1.72958  2.71086  3.34931  5.73174  4.47438     92 a - - -
          2.68618  4.42225  2.77519  2.73123  3.46354  2.40513  3.72494  3.29354  2.67741  2.69355  4.24690  2.90347  2.73739  3.18146  2.89801  2.37887  2.77519  2.98518  4.58477  3.61503
          0.01976  4.32977  5.05212  0.61958  0.77255  0.54622  0.86544
     72   3.41088  4.73383  4.94426  4.59672  3.72951  4.53269  5.26477  0.64160  4.43643  2.24511  3.61770  4.78359  4.94169  4.75196  4.58503  4.09469  3.71022  1.96864  5.69825  4.46257     93 I - - -
          2.68618  4.42225  2.77519  2.73123  3.46354  2.40513  3.72494  3.29354  2.67741  2.69355  4.24690  2.90347  2.73739  3.18146  2.89801  2.37887  2.77519  2.98518  4.58477  3.61503
          0.01976  4.32977  5.05212  0.61958  0.77255  0.54622  0.86544
     73   3.33424  5.03917  4.09879  4.06646  5.15294  0.27813  5.13281  4.88927  4.30806  4.47434  5.47096  4.26555  4.44153  4.59681  4.47008  3.52280  3.84969  4.32862  6.10213  5.27860     94 G - - -
          2.68618  4.42225  2.77519  2.73123  3.46354  2.40513  3.72494  3.29354  2.67741  2.69355  4.24690  2.90347  2.73739  3.18146  2.89801  2.37887  2.77519  2.98518  4.58477  3.61503
          0.01976  4.32977  5.05212  0.61958  0.77255  0.54622  0.86544
     74   2.34472  4.63695  3.19792  2.75280  4.26060  1.73564  3.93442  3.67717  2.50279  3.30186  4.12043  3.17919  3.67920  3.11711  3.19392  2.51194  2.03644  3.27690  5.54521  4.24967     95 g - - -
          2.68618  4.42225  2.77519  2.73123  3.46354  2.40513  3.72494  3.29354  2.67741  2.69355  4.24690  2.90347  2.73739  3.18146  2.89801  2.37887  2.77519  2.98518  4.58477  3.61503
          0.01976  4.32977  5.05212  0.61958  0.77255  0.54622  0.86544
     75   2.63627  4.32837  3.56715  3.00006  3.02993  3.37945  3.89058  2.57272  2.94911  2.54162  3.43764  3.29690  3.45291  3.24515  3.28908  1.99473  2.76827  2.49269  4.91547  2.79674     96 s - - -
          2.68618  4.42225  2.77519  2.73123  3.46354  2.40513  3.72494  3.29354  2.67741  2.69355  4.24690  2.90347  2.73739  3.18146  2.89801  2.37887  2.77519  2.98518  4.58477  3.61503
          0.01976  4.32977  5.05212  0.61958  0.77255  0.54622  0.86544
     76   1.64513  4.35671  3.71252  3.18034  3.60532  3.57881  4.07009  2.79598  3.11360  1.93698  3.55426  3.51307  2.91162  3.41805  3.43474  2.89122  2.93391  2.37315  5.10201  3.88079     97 a - - -
          2.68639  4.42246  2.77541  2.73145  3.46375  2.40534  3.72516  3.29302  2.67762  2.69376  4.24711  2.90368  2.73761  3.18081  2.89793  2.37874  2.77528  2.98523  4.58498  3.61199
          0.20959  1.69997  5.05212  1.55763  0.23653  0.54622  0.86544
     77   0.76606  4.29950  3.79359  3.55727  4.60787  2.57081  4.57824  4.02007  3.63361  3.72771  4.54145  3.58679  3.87738  3.88191  3.90151  2.24646  2.88964  3.40491  5.95842  4.78260    104 a - - -
          2.68618  4.42225  2.77519  2.73123  3.46354  2.40513  3.72494  3.29354  2.67741  2.69355  4.24690  2.90347  2.73739  3.18146  2.89801  2.37887  2.77519  2.98518  4.58477  3.61503
          0.01976  4.32977  5.05212  0.61958  0.77255  0.54622  0.86544
     78   1.32264  4.36405  3.62713  3.18335  3.93704  3.34751  4.16179  3.18575  3.16213  2.99666  3.88441  2.93315  3.95608  3.46716  3.49435  2.56741  2.90222  1.95158  5.36168  4.13317    105 a - - -
          2.68618  4.42225  2.77519  2.73123  3.46354  2.40513  3.72494  3.29354  2.67741  2.69355  4.24690  2.90347  2.73739  3.18146  2.89801  2.37887  2.77519  2.98518  4.58477  3.61503
          0.01976  4.32977  5.05212  0.61958  0.77255  0.54622  0.86544
     79   3.16366  5.35915  3.58406  2.87952  4.80368  3.80728  2.24689  4.17069  1.55843  3.58311  4.42830  3.29972  4.15510  2.84721  1.42695  3.14111  3.32283  3.83215  5.60476  4.41619    106 r - - -
          2.68618  4.42225  2.77519  2.73123  3.46354  2.40513  3.72494  3.29354  2.67741  2.69355  4.24690  2.90347  2.73739  3.18146  2.89801  2.37887  2.77519  2.98518  4.58477  3.61503
          0.01976  4.32977  5.05212  0.61958  0.77255  0.54622  0.86544
     80   3.64585  4.92208  5.20869  4.71078  1.86375  4.81656  4.73795  2.49523  4.55610  0.77179  3.05385  4.82521  4.98033  4.54861  4.58750  4.20278  3.86339  2.69265  4.88006  3.47493    107 l - - -
          2.68618  4.42225  2.77519  2.73123  3.46354  2.40513  3.72494  3.29354  2.67741  2.69355  4.24690  2.90347  2.73739  3.18146  2.89801  2.37887  2.77519  2.98518  4.58477  3.61503
          0.01976  4.32977  5.05212  0.61958  0.77255  0.54622  0.86544
     81   3.45564  4.71787  5.26312  4.71138  3.35935  4.83474  5.21786  1.07222  4.57470  1.31583  2.77033  4.91789  4.99974  4.66239  4.65783  4.20672  3.68409  2.08625  5.46207  4.39357    108 i - - -
          2.68618  4.42225  2.77519  2.73123  3.46354  2.40513  3.72494  3.29354  2.67741  2.69355  4.24690  2.90347  2.73739  3.18146  2.89801  2.37887  2.77519  2.98518  4.58477  3.61503
          0.01976  4.32977  5.05212  0.61958  0.77255  0.54622  0.86544
     82   2.70600  4.62319  2.83422  2.01157  4.49588  3.46302  3.63696  3.95945  1.65910  3.44725  4.20487  2.82954  3.85903  2.61150  2.49453  2.67482  2.93295  3.54545  5.58102  4.19978    109 k - - -
          2.68618  4.42225  2.77519  2.73123  3.46354  2.40513  3.72494  3.29354  2.67741  2.69355  4.24690  2.90347  2.73739  3.18146  2.89801  2.37887  2.77519  2.98518  4.58477  3.61503
          0.01976  4.32977  5.05212  0.61958  0.77255  0.54622  0.86544
     83   2.78238  5.18518  3.05382  2.48559  4.54393  3.52643  3.42219  3.98503  1.59999  3.46315  4.23758  2.71481  3.91333  2.45950  2.30612  2.38358  2.92470  3.58673  5.58016  4.23838    110 k - - -
          2.68618  4.42225  2.77519  2.73123  3.46354  2.40513  3.72494  3.29354  2.67741  2.69355  4.24690  2.90347  2.73739  3.18146  2.89801  2.37887  2.77519  2.98518  4.58477  3.61503
          0.01976  4.32977  5.05212  0.61958  0.77255  0.54622  0.86544
     84   2.80222  5.11761  2.89763  2.48296  4.47248  1.74115  3.66573  3.91037  2.20022  3.44076  4.24266  2.36656  3.93272  2.86923  2.58195  2.73726  3.04425  3.53425  5.60525  4.25883    111 g - - -
          2.68618  4.42225  2.77519  2.73123  3.46354  2.40513  3.72494  3.29354  2.67741  2.69355  4.24690  2.90347  2.73739  3.18146  2.89801  2.37887  2.77519  2.98518  4.58477  3.61503
          0.01976  4.32977  5.05212  0.61958  0.77255  0.54622  0.86544
     85   2.71071  4.13447  4.33909  3.74900  2.79311  3.85633  4.17190  1.75676  3.17787  2.22734  3.09349  3.89626  4.21451  3.79835  3.73293  3.15546  2.94349  1.66462  4.76944  3.18933    112 v - - -
          2.68618  4.42225  2.77519  2.73123  3.46354  2.40513  3.72494  3.29354  2.67741  2.69355  4.24690  2.90347  2.73739  3.18146  2.89801  2.37887  2.77519  2.98518  4.58477  3.61503
          0.01976  4.32977  5.05212  0.61958  0.77255  0.54622  0.86544
     86   2.86187  4.34898  4.21754  3.65654  3.48248  3.98591  4.36694  2.06046  3.55941  2.29577  2.87927  3.93379  4.35688  3.82169  3.80435  3.28972  1.59337  1.76043  5.12362  3.92853    113 t - - -
          2.68618  4.42225  2.77519  2.73123  3.46354  2.40513  3.72494  3.29354  2.67741  2.69355  4.24690  2.90347  2.73739  3.18146  2.89801  2.37887  2.77519  2.98518  4.58477  3.61503
          0.01976  4.32977  5.05212  0.61958  0.77255  0.54622  0.86544
     87   2.80542  4.43107  3.95285  3.42938  3.61391  3.80275  4.28639  2.30480  3.33008  2.37458  3.53840  3.74871  1.66843  3.64935  3.62728  3.12831  3.09139  1.72772  5.22711  3.99862    114 p - - -
          2.68618  4.42225  2.77519  2.73123  3.46354  2.40513  3.72494  3.29354  2.67741  2.69355  4.24690  2.90347  2.73739  3.18146  2.89801  2.37887  2.77519  2.98518  4.58477  3.61503
          0.01976  4.32977  5.05212  0.61958  0.77255  0.54622  0.86544
     88   2.81682  4.26697  4.28145  3.71205  3.41199  2.45059  4.32157  1.83376  3.60199  2.20874  3.08558  3.94492  4.32766  3.84265  3.80723  3.26816  3.05840  1.50081  5.01360  3.81771    115 v - - -
          2.68618  4.42225  2.77519  2.73123  3.46354  2.40513  3.72494  3.29354  2.67741  2.69355  4.24690  2.90347  2.73739  3.18146  2.89801  2.37887  2.77519  2.98518  4.58477  3.61503
          0.01976  4.32977  5.05212  0.61958  0.77255  0.54622  0.86544
     89   2.82844  2.63920  3.32894  2.71566  4.23343  3.61528  3.73454  3.61280  1.53308  3.19561  4.03634  3.17959  3.99966  2.82357  2.20755  2.87610  2.84792  3.30621  5.39899  4.13791    116 k - - -
          2.68618  4.42225  2.77519  2.73123  3.46354  2.40513  3.72494  3.29354  2.67741  2.69355  4.24690  2.90347  2.73739  3.18146  2.89801  2.37887  2.77519  2.98518  4.58477  3.61503
          0.01976  4.32977  5.05212  0.61958  0.77255  0.44973  1.01556
     90   1.82959  4.81483  3.13951  2.58524  4.09375  3.50317  3.73854  3.49765  2.43970  2.86502  3.93726  3.08350  2.93487  2.90082  2.28772  2.64443  2.84595  3.18023  5.36208  4.05014    117 a - - -
          2.68618  4.42225  2.77519  2.73123  3.46354  2.40513  3.72494  3.29354  2.67741  2.69355  4.24690  2.90347  2.73739  3.18146  2.89801  2.37887  2.77519  2.98518  4.58477  3.61503
          0.01893  4.37207  5.09441  0.61958  0.77255  0.48576  0.95510
     91   2.78091  5.20953  3.02270  2.19086  4.56833  3.05862  3.66414  4.01823  1.98350  3.49228  4.25988  2.99670  3.91337  2.28646  1.90469  2.65265  2.93416  3.61046  5.60846  4.25322    118 r - - -
          2.68618  4.42225  2.77519  2.73123  3.46354  2.40513  3.72494  3.29354  2.67741  2.69355  4.24690  2.90347  2.73739  3.18146  2.89801  2.37887  2.77519  2.98518  4.58477  3.61503
          0.06213  4.37207  3.04469  0.61958  0.77255  0.48576  0.95510
     92   2.65268  4.88005  2.92374  2.47789  3.96457  3.47554  3.67523  3.54916  2.10528  2.97818  3.94933  2.88108  3.86596  2.81930  2.73025  1.91440  2.74061  3.21792  4.08892  4.03495    119 s - - -
          2.68618  4.42225  2.77519  2.73123  3.46354  2.40513  3.72494  3.29354  2.67741  2.69355  4.24690  2.90347  2.73739  3.18146  2.89801  2.37887  2.77519  2.98518  4.58477  3.61503
          0.01976  4.32970  5.05205  0.61958  0.77255  0.44968  1.01565
     93   2.92593  5.47918  2.10635  1.20766  4.78545  3.25940  3.19832  4.28777  2.62746  3.76741  4.55398  2.87988  3.73688  2.82784  3.21551  2.84550  3.18174  3.85379  5.91272  4.45327    120 e - - -
          2.68618  4.42225  2.77519  2.73123  3.46354  2.40513  3.72494  3.29354  2.67741  2.69355  4.24690  2.90347  2.73739  3.18146  2.89801  2.37887  2.77519  2.98518  4.58477  3.61503
          0.01893  4.37207  5.09441  0.61958  0.77255  0.48576  0.95510
     94   2.59603  4.93651  2.80204  1.97437  4.19596  3.47549  3.67520  3.62595  2.31676  2.44148  4.00101  2.91694  3.86729  2.56231  2.92554  2.61867  2.89363  3.28055  4.11976  3.54330    121 e - - -
          2.68618  4.42225  2.77519  2.73123  3.46354  2.40513  3.72494  3.29354  2.67741  2.69355  4.24690  2.90347  2.73739  3.18146  2.89801  2.37887  2.77519  2.98518  4.58477  3.61503
          0.01893  4.37207  5.09441  0.61958  0.77255  0.48576  0.95510
     95   2.76886  5.23841  2.19972  1.47928  4.54790  3.44040  3.24061  3.38477  2.43918  3.52758  4.29639  2.91078  3.88757  2.76045  2.99586  2.72588  3.00844  3.61206  5.68234  4.26980    122 e - - -
          2.68618  4.42225  2.77519  2.73123  3.46354  2.40513  3.72494  3.29354  2.67741  2.69355  4.24690  2.90347  2.73739  3.18146  2.89801  2.37887  2.77519  2.98518  4.58477  3.61503
          0.01893  4.37207  5.09441  0.61958  0.77255  0.48576  0.95510
     96   2.65498  5.04084  2.97165  1.86167  4.33581  3.46574  3.65904  3.78230  2.06624  2.75857  4.09942  2.95959  3.37321  2.77783  2.80065  2.38537  2.81332  3.32696  5.50511  4.13427    123 e - - -
          2.68618  4.42225  2.77519  2.73123  3.46354  2.40513  3.72494  3.29354  2.67741  2.69355  4.24690  2.90347  2.73739  3.18146  2.89801  2.37887  2.77519  2.98518  4.58477  3.61503
          0.01893  4.37207  5.09441  0.61958  0.77255  0.48576  0.95510
     97   2.04766  4.30986  4.26271  3.74210  3.60271  3.83040  4.42391  1.26746  3.64069  2.51203  3.54013  3.93917  4.30138  3.90175  3.86308  2.80242  3.07563  1.99609  5.19507  3.99257    124 i - - -
          2.68618  4.42225  2.77519  2.73123  3.46354  2.40513  3.72494  3.29354  2.67741  2.69355  4.24690  2.90347  2.73739  3.18146  2.89801  2.37887  2.77519  2.98518  4.58477  3.61503
          0.01893  4.37207  5.09441  0.61958  0.77255  0.48576  0.95510
     98   2.36938  5.04166  2.60033  1.98984  4.33800  3.34347  3.65393  3.31794  2.41532  3.28464  4.09995  2.87581  3.10486  2.77071  2.89833  2.52436  2.53844  3.29600  5.50960  4.13133    125 e - - -
          2.68618  4.42225  2.77519  2.73123  3.46354  2.40513  3.72494  3.29354  2.67741  2.69355  4.24690  2.90347  2.73739  3.18146  2.89801  2.37887  2.77519  2.98518  4.58477  3.61503
          0.01893  4.37207  5.09441  0.61958  0.77255  0.48576  0.95510
     99   2.79282  5.40754  1.74663  1.60913  4.72561  3.13267  3.77289  4.22282  2.40674  3.70479  4.48039  2.88394  3.92523  2.89774  3.15165  2.49439  3.00006  3.78831  5.84934  4.40081    126 e - - -
          2.68618  4.42225  2.77519  2.73123  3.46354  2.40513  3.72494  3.29354  2.67741  2.69355  4.24690  2.90347  2.73739  3.18146  2.89801  2.37887  2.77519  2.98518  4.58477  3.61503
          0.01893  4.37207  5.09441  0.61958  0.77255  0.48576  0.95510
    100   2.70770  4.20162  4.08668  3.51062  3.33402  3.80805  4.12720  1.83596  3.40355  2.07416  3.32102  3.34554  3.32085  3.64745  3.61916  3.09550  2.68730  1.75873  4.86120  3.66295    127 v - - -
          2.68618  4.42225  2.77519  2.73123  3.46354  2.40513  3.72494  3.29354  2.67741  2.69355  4.24690  2.90347  2.73739  3.18146  2.89801  2.37887  2.77519  2.98518  4.58477  3.61503
          0.01893  4.37207  5.09441  0.61958  0.77255  0.48576  0.95510
    101   2.69927  4.30944  3.72447  3.02830  3.00709  3.70436  3.46418  2.76234  3.08548  1.37536  3.40014  3.52383  4.08706  3.39160  3.36917  2.73791  2.93329  2.56460  4.81511  3.53597    128 l - - -
          2.68618  4.42225  2.77519  2.73123  3.46354  2.40513  3.72494  3.29354  2.67741  2.69355  4.24690  2.90347  2.73739  3.18146  2.89801  2.37887  2.77519  2.98518  4.58477  3.61503
          0.01966  4.33484  5.05718  0.61958  0.77255  0.48576  0.95510
    102   2.60989  5.08949  2.66925  2.23257  4.40016  3.16579  2.93899  3.46547  2.39330  3.38053  4.14163  2.23095  3.41858  2.74798  2.88132  2.58614  2.56086  3.46197  5.54408  4.15277    129 n - - -
          2.68618  4.42225  2.77519  2.73123  3.46354  2.40513  3.72494  3.29354  2.67741  2.69355  4.24690  2.90347  2.73739  3.18146  2.89801  2.37887  2.77519  2.98518  4.58477  3.61503
          0.11685  4.33484  2.33125  0.61958  0.77255  0.48576  0.95510
    103   2.69416  4.95285  3.06509  2.37293  4.23409  3.49062  3.64610  3.65235  1.74565  2.70514  3.77387  2.93614  3.87482  2.65532  2.41028  2.66803  2.91661  3.09224  5.40972  4.08314    130 k - - -
          2.68618  4.42225  2.77519  2.73123  3.46354  2.40513  3.72494  3.29354  2.67741  2.69355  4.24690  2.90347  2.73739  3.18146  2.89801  2.37887  2.77519  2.98518  4.58477  3.61503
          0.06755  4.23964  2.97774  0.61958  0.77255  0.60945  0.78449
    104   3.05891  3.35034  4.63694  4.09471  3.05625  4.18103  4.57779  2.29110  3.93487  0.91568  3.11978  4.27179  4.52916  4.12195  4.07798  3.53719  3.32004  2.27765  5.04353  3.82677    131 l - - -
          2.68618  4.42225  2.77519  2.73123  3.46354  2.40513  3.72494  3.29354  2.67741  2.69355  4.24690  2.90347  2.73739  3.18146  2.89801  2.37887  2.77519  2.98518  4.58477  3.61503
          0.02265  4.19473  4.91708  0.61958  0.77255  0.65934  0.72814
    105   2.88184  3.32845  4.59040  4.06961  3.60839  4.04569  4.68773  1.97401  3.93760  2.21424  3.49380  4.21391  4.48205  4.19474  4.12142  3.41645  3.01262  0.99764  5.33434  4.12824    132 v - - -
          2.68618  4.42225  2.77519  2.73123  3.46354  2.40513  3.72494  3.29354  2.67741  2.69355  4.24690  2.90347  2.73739  3.18146  2.89801  2.37887  2.77519  2.98518  4.58477  3.61503
          0.07455  4.19473  2.86881  0.61958  0.77255  0.65934  0.72814
    106   2.70559  5.00625  3.00231  2.28136  4.31120  3.46823  3.61960  3.28705  1.91216  3.21081  4.06942  2.96810  3.85993  1.99168  2.62546  2.70256  2.85676  3.37549  5.44154  4.11230    133 k - - -
          2.68618  4.42225  2.77519  2.73123  3.46354  2.40513  3.72494  3.29354  2.67741  2.69355  4.24690  2.90347  2.73739  3.18146  2.89801  2.37887  2.77519  2.98518  4.58477  3.61503
          0.02384  4.14402  4.86637  0.61958  0.77255  0.71040  0.67619
    107   2.19993  4.28193  3.53162  3.14205  4.11072  3.14204  4.16356  3.38906  3.10629  3.02276  4.04118  3.36884  3.82171  3.43751  3.42777  2.17093  1.27339  2.99448  5.49649  4.26947    134 t - - -
          2.68618  4.42225  2.77519  2.73123  3.46354  2.40513  3.72494  3.29354  2.67741  2.69355  4.24690  2.90347  2.73739  3.18146  2.89801  2.37887  2.77519  2.98518  4.58477  3.61503
          0.02384  4.14402  4.86637  0.61958  0.77255  0.71040  0.67619
    108   3.37322  4.72600  4.87700  4.33433  3.15654  4.58563  4.92163  2.20226  4.14302  0.77888  2.79268  4.60373  4.79856  4.31553  4.28305  3.95258  3.60886  2.14629  5.25544  4.15866    135 l - - -
          2.68618  4.42225  2.77519  2.73123  3.46354  2.40513  3.72494  3.29354  2.67741  2.69355  4.24690  2.90347  2.73739  3.18146  2.89801  2.37887  2.77519  2.98518  4.58477  3.61503
          0.03389  4.14402  4.04766  0.61958  0.77255  0.71040  0.67619
    109   2.93979  5.21312  2.92931  2.54183  4.60057  3.52230  3.68970  4.02823  1.27014  3.50596  4.34256  2.34655  3.97273  2.73161  2.47642  2.91187  3.15909  3.66522  5.59222  4.30493    136 k - - -
          2.68618  4.42225  2.77519  2.73123  3.46354  2.40513  3.72494  3.29354  2.67741  2.69355  4.24690  2.90347  2.73739  3.18146  2.89801  2.37887  2.77519  2.98518  4.58477  3.61503
          0.04197  4.13421  3.68556  0.61958  0.77255  0.70087  0.68549
    110   2.52843  4.53343  2.97201  2.80277  4.29158  1.13829  3.62191  3.87889  2.99559  3.50672  4.36077  3.17390  3.84734  3.32837  3.35414  2.44260  2.95926  3.39986  5.62438  4.29335    137 g - - -
          2.68618  4.42225  2.77519  2.73123  3.46354  2.40513  3.72494  3.29354  2.67741  2.69355  4.24690  2.90347  2.73739  3.18146  2.89801  2.37887  2.77519  2.98518  4.58477  3.61503
          0.02426  4.12674  4.84908  0.61958  0.77255  0.69384  0.69245
    111   2.76647  5.07496  2.32413  2.33331  4.55814  3.27704  3.82463  4.05462  2.74165  3.60882  4.43127  1.48916  3.86575  2.98991  3.25080  2.10930  3.08173  3.62622  5.77948  4.36365    138 n - - -
          2.68618  4.42225  2.77519  2.73123  3.46354  2.40513  3.72494  3.29354  2.67741  2.69355  4.24690  2.90347  2.73739  3.18146  2.89801  2.37887  2.77519  2.98518  4.58477  3.61503
          0.02384  4.14402  4.86637  0.61958  0.77255  0.71040  0.67619
    112   2.11309  4.39737  3.39896  3.19408  4.37240  3.14110  4.32554  3.70825  3.26805  3.43942  4.36752  3.42106  1.04456  3.60852  3.56344  2.64558  2.94996  3.25997  5.72113  4.50676    139 p - - -
          2.68618  4.42225  2.77519  2.73123  3.46354  2.40513  3.72494  3.29354  2.67741  2.69355  4.24690  2.90347  2.73739  3.18146  2.89801  2.37887  2.77519  2.98518  4.58477  3.61503
          0.02384  4.14402  4.86637  0.61958  0.77255  0.71040  0.67619
    113   2.26312  4.41491  3.36817  3.13010  4.23429  3.17720  4.24527  3.55069  3.15054  3.17448  4.24348  3.38771  1.10477  3.52184  3.45054  2.66041  2.94573  3.15996  5.62753  4.37194    140 p - - -
          2.68618  4.42225  2.77519  2.73123  3.46354  2.40513  3.72494  3.29354  2.67741  2.69355  4.24690  2.90347  2.73739  3.18146  2.89801  2.37887  2.77519  2.98518  4.58477  3.61503
          0.07777  4.14402  2.83091  0.61958  0.77255  0.61391  0.77920
    114   3.15524  4.85756  3.79316  3.67773  4.63530  3.53011  4.72513  4.26073  3.76035  3.85368  4.92079  3.95299  0.44790  4.14042  3.96734  3.33313  3.61970  3.87315  5.73768  4.76236    141 P - - -
          2.68618  4.42225  2.77519  2.73123  3.46354  2.40513  3.72494  3.29354  2.67741  2.69355  4.24690  2.90347  2.73739  3.18146  2.89801  2.37887  2.77519  2.98518  4.58477  3.61503
          0.02382  4.14478  4.86713  0.61958  0.77255  0.70967  0.67689
    115   3.15426  4.55261  4.45709  3.94778  2.21236  4.16824  3.88557  2.75058  3.78295  2.04978  2.93609  4.02734  4.48305  3.93320  3.92013  3.48479  3.38031  2.71540  1.48277  2.58316    142 w - - -
          2.68618  4.42225  2.77519  2.73123  3.46354  2.40513  3.72494  3.29354  2.67741  2.69355  4.24690  2.90347  2.73739  3.18146  2.89801  2.37887  2.77519  2.98518  4.58477  3.61503
          0.02382  4.14478  4.86713  0.61958  0.77255  0.61976  0.77235
    116   2.90199  4.41219  4.20379  3.68112  3.29641  3.95972  4.35111  2.17158  3.51247  1.10430  3.23890  3.94265  4.34792  3.80893  3.72861  2.83571  3.16435  2.28744  5.03884  3.82025    143 l - - -
          2.68618  4.42225  2.77519  2.73123  3.46354  2.40513  3.72494  3.29354  2.67741  2.69355  4.24690  2.90347  2.73739  3.18146  2.89801  2.37887  2.77519  2.98518  4.58477  3.61503
          0.02271  4.19193  4.91428  0.61958  0.77255  0.66230  0.72498
    117   3.13770  5.22459  3.35702  2.49283  4.65359  3.69964  3.77377  4.03819  2.11252  3.51458  4.40383  3.27780  4.12359  2.92402  0.99703  3.14089  3.33447  3.72204  5.56937  4.38363    144 r - - -
          2.68618  4.42225  2.77519  2.73123  3.46354  2.40513  3.72494  3.29354  2.67741  2.69355  4.24690  2.90347  2.73739  3.18146  2.89801  2.37887  2.77519  2.98518  4.58477  3.61503
          0.02271  4.19193  4.91428  0.61958  0.77255  0.50785  0.92077
    118   2.75901  5.17741  2.61356  2.38794  4.51358  3.44469  3.67463  3.97099  1.45128  3.47252  4.25122  2.92810  3.34676  2.56577  2.82295  2.55136  2.99350  3.57023  5.61791  4.23967    145 k - - -
          2.68618  4.42225  2.77519  2.73123  3.46354  2.40513  3.72494  3.29354  2.67741  2.69355  4.24690  2.90347  2.73739  3.18146  2.89801  2.37887  2.77519  2.98518  4.58477  3.61503
          0.02098  4.27051  4.99286  0.61958  0.77255  0.57224  0.83071
    119   1.79713  4.51125  2.61878  2.74808  3.68529  3.53693  3.80181  2.98673  2.72739  2.74540  3.62586  3.20411  3.93757  3.05318  3.13149  2.77868  2.87153  2.39312  3.91002  3.81593    146 a - - -
          2.68618  4.42225  2.77519  2.73123  3.46354  2.40513  3.72494  3.29354  2.67741  2.69355  4.24690  2.90347  2.73739  3.18146  2.89801  2.37887  2.77519  2.98518  4.58477  3.61503
          0.02098  4.27051  4.99286  0.61958  0.77255  0.57224  0.83071
    120   2.91581  4.37749  4.34974  3.79656  3.32963  3.36420  4.41589  2.10696  3.65875  1.11452  3.23480  4.03454  4.39518  3.90361  3.85565  3.35590  3.16556  2.07734  5.05978  3.88280    147 l - - -
          2.68618  4.42225  2.77519  2.73123  3.46354  2.40513  3.72494  3.29354  2.67741  2.69355  4.24690  2.90347  2.73739  3.18146  2.89801  2.37887  2.77519  2.98518  4.58477  3.61503
          0.02098  4.27051  4.99286  0.61958  0.77255  0.57224  0.83071
    121   2.63677  3.97449  2.60201  2.39004  4.29220  3.13801  3.62633  3.74003  2.25418  3.10624  4.00386  2.90974  3.82515  2.06204  2.69992  2.53019  2.78449  3.33847  5.46803  4.09482    148 q - - -
          2.68618  4.42225  2.77519  2.73123  3.46354  2.40513  3.72494  3.29354  2.67741  2.69355  4.24690  2.90347  2.73739  3.18146  2.89801  2.37887  2.77519  2.98518  4.58477  3.61503
          0.06543  4.27051  3.00862  0.61958  0.77255  0.57224  0.83071
    122   2.59298  3.96997  2.73944  2.31131  4.32079  3.41728  3.57534  3.77447  2.21786  3.30556  4.07485  2.90581  3.07883  2.13173  2.71515  2.49059  2.81183  3.38711  5.48047  4.10100    149 q - - -
          2.68618  4.42225  2.77519  2.73123  3.46354  2.40513  3.72494  3.29354  2.67741  2.69355  4.24690  2.90347  2.73739  3.18146  2.89801  2.37887  2.77519  2.98518  4.58477  3.61503
          0.02192  4.22701  4.94936  0.61958  0.77255  0.62397  0.76747
    123   2.68731  5.15765  2.71164  1.87216  4.49059  3.25275  3.62272  3.96235  1.89850  3.45091  4.20846  2.72343  3.82810  2.69877  2.56073  2.59780  2.81639  3.54319  5.58896  4.19194    150 e - - -
          2.68618  4.42225  2.77519  2.73123  3.46354  2.40513  3.72494  3.29354  2.67741  2.69355  4.24690  2.90347  2.73739  3.18146  2.89801  2.37887  2.77519  2.98518  4.58477  3.61503
          0.12057  4.22701  2.31277  0.61958  0.77255  0.62397  0.76747
    124   2.50662  4.86150  2.91866  2.29267  4.12363  3.35941  3.62054  3.55063  2.27799  2.97858  3.93415  2.51801  3.45860  2.75884  2.87327  2.44195  2.51122  2.93051  5.35719  4.00817    151 k - - -
          2.68618  4.42225  2.77519  2.73123  3.46354  2.40513  3.72494  3.29354  2.67741  2.69355  4.24690  2.90347  2.73739  3.18146  2.89801  2.37887  2.77519  2.98518  4.58477  3.61503
          0.02417  4.13061  4.85296  0.61958  0.77255  0.72307  0.66409
    125   2.48911  4.98005  2.73868  2.29795  4.27736  3.32930  3.43534  3.72943  2.13794  3.11701  4.03549  2.79215  3.23829  2.59574  2.70765  2.41396  2.64226  3.34515  5.44163  4.06352    152 k - - -
          2.68618  4.42225  2.77520  2.73123  3.46354  2.40513  3.72495  3.29354  2.67741  2.69355  4.24690  2.90347  2.73736  3.18146  2.89801  2.37887  2.77520  2.98518  4.58477  3.61503
          0.03960  3.48713  4.79879  0.55974  0.84714  0.64024  0.74902
    126   2.55132  4.97249  2.71114  2.26566  4.07023  3.39210  3.59211  3.64568  2.27740  3.20991  4.03031  2.37388  3.72453  2.71070  2.70532  2.27402  2.69631  3.28636  5.43998  4.06434    155 e - - -
          2.68619  4.42230  2.77512  2.73124  3.46350  2.40515  3.72499  3.29359  2.67745  2.69348  4.24694  2.90347  2.73736  3.18148  2.89801  2.37888  2.77518  2.98521  4.58482  3.61499
          0.15971  2.24423  3.17959  0.91171  0.51389  0.63433  0.75564
    127   3.28243  4.62997  4.77627  4.23523  1.45411  4.43768  4.45009  2.37209  4.09196  1.35895  2.61768  4.40171  4.66577  4.18463  4.19840  3.77294  3.50335  2.48183  4.72915  3.34162    161 l - - -
          2.68618  4.42225  2.77519  2.73123  3.46354  2.40513  3.72494  3.29354  2.67741  2.69355  4.24690  2.90347  2.73739  3.18146  2.89801  2.37887  2.77519  2.98518  4.58477  3.61503
          0.02459  4.11368  4.83603  0.61958  0.77255  0.68899  0.69732
    128   2.26229  4.99213  2.47142  1.88788  4.28727  3.37617  3.62088  3.73116  2.40818  3.13011  4.06800  2.79411  3.65922  2.74733  2.89451  2.62289  2.76727  3.18923  5.47580  4.09671    162 e - - -
          2.68618  4.42225  2.77519  2.73123  3.46354  2.40513  3.72494  3.29354  2.67741  2.69355  4.24690  2.90347  2.73739  3.18146  2.89801  2.37887  2.77519  2.98518  4.58477  3.61503
          0.02459  4.11368  4.83603  0.61958  0.77255  0.68899  0.69732
    129   2.55425  5.00615  2.22484  1.97692  4.12497  3.38244  3.60029  3.75087  2.37172  3.28828  4.06435  2.78705  3.79226  2.69409  2.75317  2.60677  2.85623  3.24666  5.46896  3.49445    163 e - - -
          2.68618  4.42225  2.77520  2.73123  3.46354  2.40513  3.72495  3.29354  2.67741  2.69351  4.24690  2.90347  2.73740  3.18146  2.89801  2.37887  2.77520  2.98518  4.58477  3.61503
          0.19108  3.48621  1.94270  0.55507  0.85339  0.68899  0.69732
    130   2.49005  4.98338  2.36076  1.77057  4.01307  3.27331  3.61643  3.70752  2.43721  3.15892  4.07392  2.82316  3.77910  2.75434  2.92962  2.52595  2.88594  3.34114  5.47628  4.09228    165 e - - -
          2.68619  4.42226  2.77521  2.73117  3.46346  2.40514  3.72496  3.29349  2.67742  2.69356  4.24691  2.90348  2.73741  3.18148  2.89802  2.37888  2.77516  2.98520  4.58478  3.61496
          0.10997  2.92706  2.98407  0.76103  0.62958  0.57780  0.82356
    131   2.57007  4.03697  3.02081  2.62735  3.08743  3.52819  3.57554  2.65042  2.76433  2.30136  3.44363  3.23031  3.90915  3.07557  2.99865  2.76632  2.56689  2.47965  4.91793  3.51582    169 l - - -
          2.68618  4.42225  2.77519  2.73123  3.46354  2.40513  3.72494  3.29354  2.67741  2.69355  4.24690  2.90347  2.73739  3.18146  2.89801  2.37887  2.77519  2.98518  4.58477  3.61503
          0.03559  4.08017  4.01394  0.61958  0.77255  0.71977  0.66722
    132   2.63266  5.04048  2.61880  1.72567  4.33473  3.30190  3.61503  3.78479  2.24287  3.32251  4.10791  2.85358  3.80033  2.59804  2.86846  2.63594  2.76792  3.06746  5.50408  4.12071    170 e - - -
          2.68618  4.42225  2.77519  2.73123  3.46354  2.40513  3.72494  3.29354  2.67741  2.69355  4.24690  2.90347  2.73739  3.18146  2.89801  2.37887  2.77519  2.98518  4.58477  3.61503
          0.09549  4.07027  2.60365  0.61958  0.77255  0.72849  0.65901
    133   2.87584  5.40499  2.09286  1.37732  4.70332  3.14842  3.72769  4.20704  2.67916  3.70935  4.53728  2.21293  3.83098  2.88339  3.23819  2.78089  3.15209  3.78704  5.87208  4.39527    171 e - - -
          2.68618  4.42225  2.77519  2.73123  3.46354  2.40513  3.72494  3.29354  2.67741  2.69355  4.24690  2.90347  2.73739  3.18146  2.89801  2.37887  2.77519  2.98518  4.58477  3.61503
          0.05815  4.00230  3.26439  0.61958  0.77255  0.74163  0.64691
    134   2.92460  5.12089  2.53488  1.07962  4.37159  3.34619  3.83952  3.78531  2.67873  3.25743  4.37544  2.93741  3.92335  3.03390  3.09448  2.90628  3.21394  3.48092  5.62257  4.26170    172 e - - -
          2.68593  4.42248  2.77538  2.73125  3.46377  2.40534  3.72505  3.29360  2.67758  2.69356  4.24683  2.90362  2.73749  3.18132  2.89817  2.37887  2.77494  2.98421  4.58500  3.61515
          0.50982  0.91780        *  1.26844  0.33027  0.00000        *
//
