HMMER3/f [3.2.1 | June 2018]
NAME  K02593
LENG  69
ALPH  amino
RF    no
MM    no
CONS  yes
CS    no
MAP   yes
DATE  Mon Apr 27 10:43:46 2026
NSEQ  454
EFFN  2.310318
CKSUM 2421218141
STATS LOCAL MSV       -8.8104  0.71874
STATS LOCAL VITERBI   -9.3168  0.71874
STATS LOCAL FORWARD   -4.4776  0.71874
HMM          A        C        D        E        F        G        H        I        K        L        M        N        P        Q        R        S        T        V        W        Y   
            m->m     m->i     m->d     i->m     i->i     d->m     d->d
  COMPO   2.62295  4.68215  2.92513  2.53362  3.60328  2.82395  3.92440  2.80807  2.56584  2.38405  3.55523  3.15632  3.09566  3.14545  2.84826  2.84107  2.92092  2.62358  4.20949  3.43043
          2.68577  4.42327  2.77569  2.73212  3.46456  2.40503  3.72327  3.29360  2.67778  2.69409  4.23773  2.90384  2.73732  3.18136  2.89898  2.37883  2.77413  2.98479  4.58579  3.61596
          0.46297  1.02944  4.31397  2.12598  0.12706  0.00000        *
      1   2.18150  4.55134  4.02026  3.56043  3.93473  3.66891  4.42174  3.20283  3.47335  2.89218  1.33371  3.80078  1.87152  3.78667  3.75325  3.04725  3.16048  2.96670  5.44210  4.23596     29 m - - -
          2.68618  4.42225  2.77519  2.73123  3.46354  2.40513  3.72494  3.29354  2.67741  2.69355  4.24690  2.90347  2.73739  3.18146  2.89801  2.37887  2.77519  2.98518  4.58477  3.61503
          0.01335  4.71908  5.44142  0.61958  0.77255  0.50510  0.92494
      2   2.81254  5.06787  3.18223  2.60529  4.33651  3.62081  3.80270  3.51522  1.38433  3.33357  3.91679  2.62070  4.00969  2.93908  2.82403  2.62010  3.04051  2.55397  5.54640  4.20844     30 k - - -
          2.68618  4.42225  2.77519  2.73123  3.46354  2.40513  3.72494  3.29354  2.67741  2.69355  4.24690  2.90347  2.73739  3.18146  2.89801  2.37887  2.77519  2.98518  4.58477  3.61503
          0.01335  4.71908  5.44142  0.61958  0.77255  0.50510  0.92494
      3   2.84106  4.73186  5.51777  5.02781  4.11829  5.02929  5.68868  1.32463  4.94887  2.46929  3.88754  5.17282  5.29186  5.19676  5.10661  4.43410  3.75992  0.79703  6.10113  4.88245     31 v - - -
          2.68618  4.42225  2.77519  2.73123  3.46354  2.40513  3.72494  3.29354  2.67741  2.69355  4.24690  2.90347  2.73739  3.18146  2.89801  2.37887  2.77519  2.98518  4.58477  3.61503
          0.01335  4.71908  5.44142  0.61958  0.77255  0.47386  0.97444
      4   3.20807  4.58369  4.90221  4.33190  3.54226  4.41763  4.80028  1.62957  4.17670  2.15378  1.33266  4.49011  4.73919  4.36316  4.30002  3.74611  2.32388  2.30149  5.31326  4.16387     32 m - - -
          2.68618  4.42225  2.77519  2.73123  3.46354  2.40513  3.72494  3.29354  2.67741  2.69355  4.24690  2.90347  2.73739  3.18146  2.89801  2.37887  2.77519  2.98518  4.58477  3.61503
          0.01322  4.72820  5.45055  0.61958  0.77255  0.48576  0.95510
      5   3.66793  4.91990  5.62513  5.05145  2.61055  5.02814  5.37833  1.00895  4.90900  1.28919  3.03587  5.17798  5.18399  4.89690  4.90410  4.39423  3.88860  2.27091  5.55986  4.51213     33 i - - -
          2.68618  4.42225  2.77519  2.73123  3.46354  2.40513  3.72494  3.29354  2.67741  2.69355  4.24690  2.90347  2.73739  3.18146  2.89801  2.37887  2.77519  2.98518  4.58477  3.61503
          0.01322  4.72820  5.45055  0.61958  0.77255  0.48576  0.95510
      6   3.14720  5.21161  3.58652  2.95984  4.80613  3.85028  3.55689  4.18257  2.29429  3.66239  4.49451  3.31620  4.26771  2.84248  0.87249  2.76921  3.31100  3.84111  5.75719  4.52598     34 r - - -
          2.68618  4.42225  2.77519  2.73123  3.46354  2.40513  3.72494  3.29354  2.67741  2.69355  4.24690  2.90347  2.73739  3.18146  2.89801  2.37887  2.77519  2.98518  4.58477  3.61503
          0.03602  4.72820  3.62925  0.61958  0.77255  0.48576  0.95510
      7   2.76233  5.23063  2.99497  2.24586  4.44397  3.55025  3.67854  3.83845  1.98308  3.47099  3.81969  2.94342  3.94204  2.14302  1.98914  2.74252  2.91339  3.47710  5.66733  3.99251     35 k - - -
          2.68618  4.42225  2.77519  2.73123  3.46354  2.40513  3.72494  3.29354  2.67741  2.69355  4.24690  2.90347  2.73739  3.18146  2.89801  2.37887  2.77519  2.98518  4.58477  3.61503
          0.01656  4.70622  4.90838  0.61958  0.77255  0.45764  1.00179
      8   2.67959  5.10094  2.57811  2.34828  4.60558  3.31020  3.64637  4.08651  2.37059  3.54465  4.31045  2.21015  3.94254  2.81753  2.17562  2.42881  2.36584  3.59611  5.70440  4.29777     36 r - - -
          2.68618  4.42225  2.77520  2.73123  3.46354  2.40513  3.72495  3.29354  2.67741  2.69351  4.24690  2.90347  2.73740  3.18146  2.89801  2.37887  2.77520  2.98518  4.58477  3.61503
          0.02923  4.09107  4.41579  0.55417  0.85460  0.48186  0.96138
      9   2.34426  4.50584  2.52276  2.32395  4.53688  2.11180  3.72021  3.75055  2.44865  3.51179  4.23558  2.81860  3.26672  2.82032  2.86660  2.41219  2.94044  3.50940  5.66587  4.22734     38 g - - -
          2.68618  4.42225  2.77519  2.73123  3.46354  2.40513  3.72494  3.29354  2.67741  2.69355  4.24690  2.90347  2.73739  3.18146  2.89801  2.37887  2.77519  2.98518  4.58477  3.61503
          0.01452  4.72091  5.20143  0.61958  0.77255  0.47556  0.97164
     10   2.18584  5.26271  2.49200  2.15297  4.59879  3.40704  3.73785  3.96110  2.23806  3.50428  4.30588  2.15798  3.87189  2.78296  2.88667  2.57377  2.84614  3.19627  5.70075  4.21916     39 e - - -
          2.68618  4.42225  2.77519  2.73123  3.46354  2.40513  3.72494  3.29354  2.67741  2.69355  4.24690  2.90347  2.73739  3.18146  2.89801  2.37887  2.77519  2.98518  4.58477  3.61503
          0.02786  4.72752  3.98320  0.61958  0.77255  0.48419  0.95762
     11   2.63180  4.25817  2.27968  2.52101  4.41605  1.60823  3.73946  3.84399  2.55460  3.41443  4.16562  3.05160  3.97812  2.82622  2.97608  2.71853  2.88484  3.47328  5.61148  4.21103     40 g - - -
          2.68618  4.42225  2.77519  2.73123  3.46354  2.40513  3.72494  3.29354  2.67741  2.69355  4.24690  2.90347  2.73739  3.18146  2.89801  2.37887  2.77519  2.98518  4.58477  3.61503
          0.44473  4.71428  1.04972  0.61958  0.77255  0.46727  0.98541
     12   2.44485  4.99413  2.91497  2.29530  4.27833  2.80826  3.24137  3.47398  2.22581  3.24390  4.05162  2.77160  3.83659  2.51128  2.87505  2.57785  2.67596  2.91156  5.46495  4.03002     41 k - - -
          2.68618  4.42225  2.77519  2.73123  3.46354  2.40513  3.72494  3.29354  2.67741  2.69355  4.24690  2.90347  2.73739  3.18146  2.89801  2.37887  2.77519  2.98518  4.58477  3.61503
          0.02219  4.31207  4.76294  0.61958  0.77255  0.25115  1.50466
     13   3.31605  4.66808  5.07544  4.48175  3.13247  4.51394  4.70724  2.33654  4.31929  0.68382  3.09126  4.60165  4.67560  4.40515  4.37254  3.83525  3.48977  2.57252  5.16705  3.36051     42 L - - -
          2.68618  4.42225  2.77519  2.73123  3.46354  2.40513  3.72494  3.29354  2.67741  2.69355  4.24690  2.90347  2.73739  3.18146  2.89801  2.37887  2.77519  2.98518  4.58477  3.61503
          0.01599  4.72736  4.95962  0.61958  0.77255  0.48397  0.95798
     14   2.77697  4.14043  3.79948  2.95751  3.47044  3.79229  3.93397  2.82711  3.09462  2.40056  3.32175  3.53942  4.16888  3.33198  3.48189  1.80103  2.60011  2.38438  4.59845  2.40238     43 s - - -
          2.68618  4.42225  2.77519  2.73123  3.46354  2.40513  3.72494  3.29354  2.67741  2.69355  4.24690  2.90347  2.73739  3.18146  2.89801  2.37887  2.77519  2.98518  4.58477  3.61503
          0.01325  4.72598  5.44833  0.61958  0.77255  0.48214  0.96092
     15   1.93025  2.35897  4.68361  4.08183  2.46296  3.79969  4.34241  2.08226  3.89698  2.31008  3.34039  4.12615  4.36402  4.05361  3.95141  3.31034  3.06653  1.87804  4.87095  3.69071     44 v - - -
          2.68618  4.42225  2.77519  2.73123  3.46354  2.40513  3.72494  3.29354  2.67741  2.69355  4.24690  2.90347  2.73739  3.18146  2.89801  2.37887  2.77519  2.98518  4.58477  3.61503
          0.01322  4.72870  5.45104  0.61958  0.77255  0.48576  0.95510
     16   4.66262  5.80129  5.19205  5.12713  2.81769  4.89769  4.33821  4.60181  4.98315  3.82347  5.18460  4.90730  5.37528  5.05484  4.96315  4.68674  4.96452  4.51483  4.47139  0.23893     45 Y - - -
          2.68618  4.42225  2.77519  2.73123  3.46354  2.40513  3.72494  3.29354  2.67741  2.69355  4.24690  2.90347  2.73739  3.18146  2.89801  2.37887  2.77519  2.98518  4.58477  3.61503
          0.01322  4.72870  5.45104  0.61958  0.77255  0.48576  0.95510
     17   3.36428  4.71386  5.48136  4.94967  3.58219  4.91441  5.41812  1.24816  4.83457  2.12971  2.90119  5.05856  5.16074  4.99084  4.91889  4.28975  3.71021  1.02322  5.77603  4.61770     46 v - - -
          2.68618  4.42225  2.77519  2.73123  3.46354  2.40513  3.72494  3.29354  2.67741  2.69355  4.24690  2.90347  2.73739  3.18146  2.89801  2.37887  2.77519  2.98518  4.58477  3.61503
          0.01322  4.72870  5.45104  0.61958  0.77255  0.48576  0.95510
     18   1.15108  4.65479  3.83377  3.50691  4.72225  3.42700  4.30622  4.15193  3.55737  3.81557  4.63472  3.71336  1.32614  3.85300  3.89499  2.55935  3.08183  3.62251  6.05507  4.83083     47 a - - -
          2.68618  4.42225  2.77519  2.73123  3.46354  2.40513  3.72494  3.29354  2.67741  2.69355  4.24690  2.90347  2.73739  3.18146  2.89801  2.37887  2.77519  2.98518  4.58477  3.61503
          0.01322  4.72870  5.45104  0.61958  0.77255  0.48576  0.95510
     19   3.75623  5.77299  4.23921  3.46656  5.38183  4.24343  4.08269  4.68488  0.50796  4.02332  4.92909  3.79409  4.59868  3.21599  2.15436  3.73435  3.87769  4.37499  5.95667  4.88673     48 K - - -
          2.68618  4.42225  2.77519  2.73123  3.46354  2.40513  3.72494  3.29354  2.67741  2.69355  4.24690  2.90347  2.73739  3.18146  2.89801  2.37887  2.77519  2.98518  4.58477  3.61503
          0.01322  4.72870  5.45104  0.61958  0.77255  0.48576  0.95510
     20   3.32840  5.57209  3.74219  3.03683  5.04652  3.98556  3.91409  4.39789  0.92033  3.29539  4.63327  3.43774  4.33284  2.02360  2.21612  3.29928  3.42277  4.04416  5.82755  4.63149     49 k - - -
          2.68618  4.42225  2.77519  2.73123  3.46354  2.40513  3.72494  3.29354  2.67741  2.69355  4.24690  2.90347  2.73739  3.18146  2.89801  2.37887  2.77519  2.98518  4.58477  3.61503
          0.01322  4.72870  5.45104  0.61958  0.77255  0.48576  0.95510
     21   4.17986  6.19875  0.21752  3.28258  5.75645  4.11862  5.00769  5.59975  4.28545  5.05598  6.12122  3.85871  4.82315  4.29397  4.85767  4.09301  4.55352  5.16456  6.70632  5.58192     50 D - - -
          2.68618  4.42225  2.77519  2.73123  3.46354  2.40513  3.72494  3.29354  2.67741  2.69355  4.24690  2.90347  2.73739  3.18146  2.89801  2.37887  2.77519  2.98518  4.58477  3.61503
          0.01322  4.72870  5.45104  0.61958  0.77255  0.48576  0.95510
     22   3.41371  4.66693  5.13394  4.53987  3.36372  4.62146  4.69205  2.48761  4.37170  0.65089  2.63204  4.69804  4.86438  4.17558  4.43754  3.94714  3.63387  2.42477  5.28519  4.20367     51 L - - -
          2.68618  4.42225  2.77519  2.73123  3.46354  2.40513  3.72494  3.29354  2.67741  2.69355  4.24690  2.90347  2.73739  3.18146  2.89801  2.37887  2.77519  2.98518  4.58477  3.61503
          0.01322  4.72870  5.45104  0.61958  0.77255  0.48576  0.95510
     23   4.05957  6.09426  3.26363  0.25420  5.61301  4.11067  4.87964  5.29200  3.91314  4.78020  5.80639  3.83684  4.77551  4.13344  4.35731  3.99468  4.39721  4.90978  6.58218  5.44450     52 E - - -
          2.68618  4.42225  2.77519  2.73123  3.46354  2.40513  3.72494  3.29354  2.67741  2.69355  4.24690  2.90347  2.73739  3.18146  2.89801  2.37887  2.77519  2.98518  4.58477  3.61503
          0.01322  4.72870  5.45104  0.61958  0.77255  0.48576  0.95510
     24   1.81376  5.41643  2.66054  1.14841  4.75271  3.59328  3.94802  4.21133  2.78721  3.62019  4.53845  3.08950  4.09025  3.04430  3.29645  2.95489  3.22337  3.74464  5.92239  4.50825     53 e - - -
          2.68618  4.42225  2.77519  2.73123  3.46354  2.40513  3.72494  3.29354  2.67741  2.69355  4.24690  2.90347  2.73739  3.18146  2.89801  2.37887  2.77519  2.98518  4.58477  3.61503
          0.01322  4.72870  5.45104  0.61958  0.77255  0.48576  0.95510
     25   2.67983  5.18308  2.98334  2.24768  4.48862  3.56348  3.70111  3.64086  2.28824  3.33502  4.09914  2.96491  2.20909  2.84455  2.28035  2.65071  2.66476  3.08655  5.63997  4.25484     54 p - - -
          2.68618  4.42225  2.77519  2.73123  3.46354  2.40513  3.72494  3.29354  2.67741  2.69355  4.24690  2.90347  2.73739  3.18146  2.89801  2.37887  2.77519  2.98518  4.58477  3.61503
          0.01322  4.72870  5.45104  0.61958  0.77255  0.48576  0.95510
     26   3.52119  4.81684  5.70619  5.26072  4.23671  5.24137  6.06398  0.99814  5.21051  2.64964  3.95719  5.41945  5.47604  5.48646  5.39115  4.69082  3.88591  0.88330  6.38239  5.14879     55 v - - -
          2.68618  4.42225  2.77519  2.73123  3.46354  2.40513  3.72494  3.29354  2.67741  2.69355  4.24690  2.90347  2.73739  3.18146  2.89801  2.37887  2.77519  2.98518  4.58477  3.61503
          0.01322  4.72870  5.45104  0.61958  0.77255  0.48576  0.95510
     27   2.66823  4.28366  4.24175  3.01747  3.39644  3.90766  4.21298  2.29766  3.48482  1.89016  3.40069  3.82395  4.27665  3.72324  3.73138  3.13097  2.63638  1.43592  4.90975  3.68165     56 v - - -
          2.68619  4.42228  2.77523  2.73121  3.46357  2.40516  3.72497  3.29357  2.67723  2.69358  4.24693  2.90342  2.73743  3.18144  2.89804  2.37883  2.77523  2.98521  4.58480  3.61506
          0.12072  2.21253  5.45104  0.24865  1.51345  0.48576  0.95510
     28   2.41927  5.26794  2.85291  1.98612  4.36940  3.33769  2.71287  4.06541  2.36131  3.53869  4.31064  2.93771  3.94286  2.32855  2.95105  2.13002  2.85381  3.65471  5.70483  4.21688     58 e - - -
          2.68618  4.42225  2.77519  2.73123  3.46354  2.40513  3.72494  3.29354  2.67741  2.69355  4.24690  2.90347  2.73739  3.18146  2.89801  2.37887  2.77519  2.98518  4.58477  3.61503
          0.01322  4.72870  5.45104  0.61958  0.77255  0.48576  0.95510
     29   2.67252  4.13287  4.51052  3.85140  3.13721  3.92281  4.17324  1.73834  3.65399  2.15029  2.58697  4.00454  4.28894  3.57818  3.72955  2.84417  2.45003  1.92372  4.62845  3.63190     59 i - - -
          2.68618  4.42225  2.77519  2.73123  3.46354  2.40513  3.72494  3.29354  2.67741  2.69355  4.24690  2.90347  2.73739  3.18146  2.89801  2.37887  2.77519  2.98518  4.58477  3.61503
          0.01322  4.72870  5.45104  0.61958  0.77255  0.48576  0.95510
     30   2.68112  5.30368  2.64135  1.17541  4.62495  3.56679  3.79697  3.97540  2.56283  3.59994  4.27868  3.02677  3.87108  2.61638  3.05749  2.78530  3.04033  3.38089  5.75205  4.34703     60 e - - -
          2.68618  4.42225  2.77519  2.73123  3.46354  2.40513  3.72494  3.29354  2.67741  2.69355  4.24690  2.90347  2.73739  3.18146  2.89801  2.37887  2.77519  2.98518  4.58477  3.61503
          0.01322  4.72870  5.45104  0.61958  0.77255  0.48576  0.95510
     31   2.73030  5.04560  3.07428  2.49196  2.70722  3.13502  2.44645  3.68587  2.21385  3.33215  4.11990  2.43323  3.94429  2.80867  2.86743  2.60170  2.84262  3.37473  5.57764  3.83616     61 k - - -
          2.68618  4.42225  2.77519  2.73123  3.46354  2.40513  3.72494  3.29354  2.67741  2.69355  4.24690  2.90347  2.73739  3.18146  2.89801  2.37887  2.77519  2.98518  4.58477  3.61503
          0.01322  4.72870  5.45104  0.61958  0.77255  0.48576  0.95510
     32   2.60177  5.39534  1.66397  1.80668  4.72801  3.46528  3.46220  4.21793  2.53677  3.69550  4.44525  2.84745  2.91375  2.86821  3.09710  2.71867  3.05874  3.78044  5.82966  4.34735     62 d - - -
          2.68618  4.42225  2.77519  2.73123  3.46354  2.40513  3.72494  3.29354  2.67741  2.69355  4.24690  2.90347  2.73739  3.18146  2.89801  2.37887  2.77519  2.98518  4.58477  3.61503
          0.01322  4.72870  5.45104  0.61958  0.77255  0.48576  0.95510
     33   2.59466  5.15780  2.37046  2.24705  4.60081  2.62042  3.60723  4.08036  2.40528  3.56664  4.28057  2.95629  3.91558  2.68340  2.84546  2.37246  2.06843  3.63758  5.70394  4.29819     63 t - - -
          2.68618  4.42245  2.77488  2.73077  3.46372  2.40531  3.72496  3.29374  2.67761  2.69375  4.24706  2.90363  2.73720  3.18078  2.89821  2.37901  2.77485  2.98536  4.58497  3.61523
          0.57225  1.09981  2.27486  0.67074  0.71607  0.48576  0.95510
     34   2.64782  4.19452  3.45376  2.87514  3.67125  3.56791  3.84663  2.97882  2.38126  1.90951  3.00270  3.13915  4.05523  3.04082  2.34685  2.86857  2.89884  2.76736  5.14129  3.67625     66 l - - -
          2.68618  4.42225  2.77519  2.73123  3.46354  2.40513  3.72494  3.29354  2.67741  2.69355  4.24690  2.90347  2.73739  3.18146  2.89801  2.37887  2.77519  2.98518  4.58477  3.61503
          0.01467  4.62498  5.34733  0.61958  0.77255  0.67786  0.70867
     35   4.03670  5.31827  5.01557  4.71794  2.33342  4.40960  3.94776  3.84887  4.43877  3.17709  4.43724  4.49658  5.09265  4.54150  4.48624  4.15291  4.28719  3.75810  0.58414  2.33078     67 W - - -
          2.68618  4.42225  2.77519  2.73123  3.46354  2.40513  3.72494  3.29354  2.67741  2.69355  4.24690  2.90347  2.73739  3.18146  2.89801  2.37887  2.77519  2.98518  4.58477  3.61503
          0.01467  4.62498  5.34733  0.61958  0.77255  0.38203  1.14720
     36   2.85877  4.94815  3.28525  3.14687  5.14030  0.52045  4.68543  4.62878  3.66854  4.26943  5.11902  3.53536  4.26785  3.80277  4.01795  3.05841  3.36363  4.01519  6.42453  5.13825     68 G - - -
          2.68618  4.42225  2.77519  2.73123  3.46354  2.40513  3.72494  3.29354  2.67741  2.69355  4.24690  2.90347  2.73739  3.18146  2.89801  2.37887  2.77519  2.98518  4.58477  3.61503
          0.01322  4.72870  5.45104  0.61958  0.77255  0.48576  0.95510
     37   3.03074  5.20561  3.23143  2.84617  4.63678  0.98387  3.83567  3.96534  2.22534  3.61047  4.44686  3.32727  4.19801  3.12016  2.91798  3.05667  3.17180  3.66874  5.78905  4.49806     69 g - - -
          2.68618  4.42225  2.77519  2.73123  3.46354  2.40513  3.72494  3.29354  2.67741  2.69355  4.24690  2.90347  2.73739  3.18146  2.89801  2.37887  2.77519  2.98518  4.58477  3.61503
          0.01322  4.72870  5.45104  0.61958  0.77255  0.48576  0.95510
     38   2.55033  4.28490  3.88359  2.51148  2.76587  3.82826  4.04814  2.29928  3.18829  2.39566  3.42437  3.36440  4.15859  3.53701  3.20546  2.97265  2.68693  1.97197  3.29455  3.74280     70 v - - -
          2.68618  4.42225  2.77519  2.73123  3.46354  2.40513  3.72494  3.29354  2.67741  2.69355  4.24690  2.90347  2.73739  3.18146  2.89801  2.37887  2.77519  2.98518  4.58477  3.61503
          0.01322  4.72870  5.45104  0.61958  0.77255  0.48576  0.95510
     39   2.91935  4.38063  5.08230  4.49486  2.66977  4.39377  4.76403  1.77315  4.31881  1.57968  3.28791  4.53930  4.70805  4.44667  4.35516  3.72318  3.37165  1.30155  5.20460  3.95529     71 v - - -
          2.68618  4.42225  2.77519  2.73123  3.46354  2.40513  3.72494  3.29354  2.67741  2.69355  4.24690  2.90347  2.73739  3.18146  2.89801  2.37887  2.77519  2.98518  4.58477  3.61503
          0.01322  4.72870  5.45104  0.61958  0.77255  0.48576  0.95510
     40   2.69169  4.88705  3.10475  2.22628  4.33668  3.58539  3.69805  3.77045  2.27669  2.81989  4.10558  3.06425  3.97644  2.88308  2.72026  2.20403  2.03724  2.86873  5.55252  4.13924     72 t - - -
          2.68618  4.42225  2.77519  2.73123  3.46354  2.40513  3.72494  3.29354  2.67741  2.69355  4.24690  2.90347  2.73739  3.18146  2.89801  2.37887  2.77519  2.98518  4.58477  3.61503
          0.01322  4.72870  5.45104  0.61958  0.77255  0.48576  0.95510
     41   4.02629  5.23194  5.89386  5.34444  3.46952  5.43862  5.77594  2.15054  5.19659  0.46170  3.20931  5.58373  5.45727  5.10842  5.18095  4.85708  4.23965  2.46878  5.74637  4.78042     73 L - - -
          2.68618  4.42225  2.77519  2.73123  3.46354  2.40513  3.72494  3.29354  2.67741  2.69355  4.24690  2.90347  2.73739  3.18146  2.89801  2.37887  2.77519  2.98518  4.58477  3.61503
          0.01322  4.72870  5.45104  0.61958  0.77255  0.48576  0.95510
     42   1.90915  5.26421  2.79492  1.92111  4.59887  3.17192  3.72091  4.07757  2.34974  3.53857  4.27631  2.95490  3.94706  2.83674  2.49503  2.41793  2.76420  3.64945  5.70338  4.29848     74 a - - -
          2.68618  4.42225  2.77519  2.73123  3.46354  2.40513  3.72494  3.29354  2.67741  2.69355  4.24690  2.90347  2.73739  3.18146  2.89801  2.37887  2.77519  2.98518  4.58477  3.61503
          0.01322  4.72870  5.45104  0.61958  0.77255  0.48576  0.95510
     43   3.22579  5.74024  2.13753  2.52323  5.14873  2.01477  4.01987  4.67175  3.11266  4.15934  4.97788  1.08448  4.20545  3.29130  3.69208  2.87896  3.52356  4.21264  6.31308  4.82401     75 n - - -
          2.68618  4.42225  2.77519  2.73123  3.46354  2.40513  3.72494  3.29354  2.67741  2.69355  4.24690  2.90347  2.73739  3.18146  2.89801  2.37887  2.77519  2.98518  4.58477  3.61503
          0.01322  4.72870  5.45104  0.61958  0.77255  0.48576  0.95510
     44   3.67918  5.45122  3.94778  4.26364  5.67353  0.19269  5.50498  5.43845  4.72313  5.00633  5.96081  4.51963  4.82228  4.92826  4.93788  3.84806  4.20442  4.79220  6.62215  5.76781     76 G - - -
          2.68619  4.42226  2.77513  2.73117  3.46355  2.40513  3.72495  3.29355  2.67741  2.69356  4.24690  2.90347  2.73740  3.18147  2.89801  2.37887  2.77520  2.98519  4.58478  3.61504
          0.02760  3.77548  5.45104  0.63641  0.75330  0.48576  0.95510
     45   2.72894  5.02215  3.04353  2.48018  4.27350  3.25126  3.80222  3.69563  2.45514  3.28476  3.69458  3.12624  3.99529  2.83487  2.34098  2.56074  2.89423  3.36161  1.90494  4.17265     79 w - - -
          2.68618  4.42225  2.77519  2.73123  3.46354  2.40513  3.72494  3.29354  2.67741  2.69355  4.24690  2.90347  2.73739  3.18146  2.89801  2.37887  2.77519  2.98518  4.58477  3.61503
          0.01322  4.72870  5.45104  0.61958  0.77255  0.48576  0.95510
     46   2.64547  4.50620  3.05564  2.17623  4.34892  3.58354  3.78020  3.41432  2.40422  3.04871  4.14077  3.08943  3.97464  2.60181  1.92356  2.69282  2.65418  2.71935  5.55972  4.20023     80 r - - -
          2.68618  4.42225  2.77519  2.73123  3.46354  2.40513  3.72494  3.29354  2.67741  2.69355  4.24690  2.90347  2.73739  3.18146  2.89801  2.37887  2.77519  2.98518  4.58477  3.61503
          0.01322  4.72870  5.45104  0.61958  0.77255  0.48576  0.95510
     47   3.65995  4.93047  5.21976  4.79465  2.11806  4.65598  4.08578  3.13091  4.59599  1.13061  3.89478  4.54616  4.96123  4.55520  4.55744  3.99581  3.88065  3.21560  2.89562  1.44059     81 l - - -
          2.68618  4.42225  2.77519  2.73123  3.46354  2.40513  3.72494  3.29354  2.67741  2.69355  4.24690  2.90347  2.73739  3.18146  2.89801  2.37887  2.77519  2.98518  4.58477  3.61503
          0.01322  4.72870  5.45104  0.61958  0.77255  0.48576  0.95510
     48   2.23594  4.78949  2.83972  2.31418  3.40407  3.63106  3.76408  3.26641  2.64484  2.74911  3.76120  3.22506  4.03949  2.89589  3.16935  2.70686  2.99735  2.97846  4.32836  2.18196     82 y - - -
          2.68618  4.42225  2.77519  2.73123  3.46354  2.40513  3.72494  3.29354  2.67741  2.69355  4.24690  2.90347  2.73739  3.18146  2.89801  2.37887  2.77519  2.98518  4.58477  3.61503
          0.01322  4.72870  5.45104  0.61958  0.77255  0.48576  0.95510
     49   3.39023  4.73504  5.40962  4.82419  2.50084  4.74657  5.10210  1.69330  4.65945  1.16518  2.91518  4.90145  4.97762  4.70252  4.66337  4.09270  3.67138  1.63036  5.39720  4.31058     83 l - - -
          2.68618  4.42225  2.77519  2.73123  3.46354  2.40513  3.72494  3.29354  2.67741  2.69355  4.24690  2.90347  2.73739  3.18146  2.89801  2.37887  2.77519  2.98518  4.58477  3.61503
          0.01322  4.72870  5.45104  0.61958  0.77255  0.48576  0.95510
     50   2.69324  5.28822  2.68366  2.17052  4.62118  3.51833  3.70552  4.10127  2.44053  3.57423  4.33363  2.34518  1.91872  2.77314  2.91764  2.55522  2.92026  3.67264  5.72679  4.10184     84 p - - -
          2.68618  4.42225  2.77519  2.73123  3.46354  2.40513  3.72494  3.29354  2.67741  2.69355  4.24690  2.90347  2.73739  3.18146  2.89801  2.37887  2.77519  2.98518  4.58477  3.61503
          0.01322  4.72870  5.45104  0.61958  0.77255  0.48576  0.95510
     51   2.53116  5.27560  2.34456  1.78475  4.61108  3.30932  3.57742  4.09160  2.45504  3.37622  4.31946  2.82332  2.38660  2.76965  2.97074  2.73404  2.98312  3.59158  5.62688  4.19573     85 e - - -
          2.68618  4.42225  2.77519  2.73123  3.46354  2.40513  3.72494  3.29354  2.67741  2.69355  4.24690  2.90347  2.73739  3.18146  2.89801  2.37887  2.77519  2.98518  4.58477  3.61503
          0.05260  4.72870  3.16054  0.61958  0.77255  0.48576  0.95510
     52   2.77195  4.28329  4.17198  3.58770  3.18835  3.87675  4.05571  2.40737  3.42209  1.60162  2.28592  3.78884  4.24439  2.28696  3.67891  3.13929  3.01802  2.47857  4.88714  3.57755     86 l - - -
          2.68618  4.42225  2.77519  2.73123  3.46354  2.40513  3.72494  3.29354  2.67741  2.69355  4.24690  2.90347  2.73739  3.18146  2.89801  2.37887  2.77519  2.98518  4.58477  3.61503
          0.02244  4.68984  4.34297  0.61958  0.77255  0.54900  0.86163
     53   2.22221  5.23933  2.62100  2.27075  4.56674  3.45645  3.80198  4.03131  2.58154  3.55231  4.32099  2.93900  1.75010  2.87989  3.07575  2.51533  2.87302  3.57926  5.72025  4.32469     87 p - - -
          2.68618  4.42225  2.77519  2.73123  3.46354  2.40513  3.72494  3.29354  2.67741  2.69355  4.24690  2.90347  2.73739  3.18146  2.89801  2.37887  2.77519  2.98518  4.58477  3.61503
          0.01380  4.68595  5.40829  0.61958  0.77255  0.45133  1.01276
     54   2.29445  5.15400  2.68359  2.13996  4.53737  2.40455  3.73466  4.04087  2.23849  3.42577  4.30685  2.97999  3.07702  2.53854  2.81840  2.60919  2.85309  3.55709  5.70120  4.29456     88 e - - -
          2.68618  4.42225  2.77519  2.73123  3.46354  2.40513  3.72494  3.29354  2.67741  2.69355  4.24690  2.90347  2.73739  3.18146  2.89801  2.37887  2.77519  2.98518  4.58477  3.61503
          0.02111  4.72351  4.42282  0.61958  0.77255  0.47891  0.96616
     55   2.56929  5.26531  2.12594  2.32489  4.60353  3.19384  3.71375  3.80672  2.28694  3.55381  4.26511  2.87380  2.71042  2.79360  2.27051  2.62418  2.94498  3.51594  5.70199  4.29520     89 d - - -
          2.68618  4.42225  2.77519  2.73123  3.46354  2.40513  3.72494  3.29354  2.67741  2.69355  4.24690  2.90347  2.73739  3.18146  2.89801  2.37887  2.77519  2.98518  4.58477  3.61503
          0.01332  4.72102  5.44337  0.61958  0.77255  0.47570  0.97141
     56   2.66227  4.81949  3.29149  2.66392  3.90572  3.62898  3.86419  3.25993  2.50057  2.86096  3.80244  3.21813  2.03820  3.03490  3.10749  2.77605  1.86643  3.08911  5.35344  4.05481     90 t - - -
          2.68618  4.42225  2.77519  2.73123  3.46354  2.40513  3.72494  3.29354  2.67741  2.69355  4.24690  2.90347  2.73739  3.18146  2.89801  2.37887  2.77519  2.98518  4.58477  3.61503
          0.01322  4.72870  5.45104  0.61958  0.77255  0.48576  0.95510
     57   2.19267  5.01915  2.96642  2.45561  4.57279  3.52626  3.70945  4.04711  2.08960  3.54193  4.26677  2.75270  3.45298  2.62262  2.13075  2.42901  2.68686  3.32699  5.68598  4.28563     91 k - - -
          2.68618  4.42225  2.77519  2.73123  3.46354  2.40513  3.72494  3.29354  2.67741  2.69355  4.24690  2.90347  2.73739  3.18146  2.89801  2.37887  2.77519  2.98518  4.58477  3.61503
          0.01322  4.72870  5.45104  0.61958  0.77255  0.48576  0.95510
     58   3.81321  5.08018  5.59690  5.03613  1.74537  5.07569  5.21332  2.54881  4.87852  0.68202  3.19505  5.16911  5.20719  4.82938  4.86954  4.44130  3.67076  2.84466  5.34467  4.14261     92 L - - -
          2.68618  4.42225  2.77519  2.73123  3.46354  2.40513  3.72494  3.29354  2.67741  2.69355  4.24690  2.90347  2.73739  3.18146  2.89801  2.37887  2.77519  2.98518  4.58477  3.61503
          0.01322  4.72870  5.45104  0.61958  0.77255  0.48576  0.95510
     59   4.23175  5.75887  4.92173  4.91593  5.73340  4.40401  5.84101  5.60503  5.06453  5.07837  6.20709  5.11685  0.12309  5.41369  5.14126  4.43964  4.73888  5.13176  6.59364  5.88526     93 P - - -
          2.68618  4.42225  2.77519  2.73123  3.46354  2.40513  3.72494  3.29354  2.67741  2.69355  4.24690  2.90347  2.73739  3.18146  2.89801  2.37887  2.77519  2.98518  4.58477  3.61503
          0.01322  4.72870  5.45104  0.61958  0.77255  0.48576  0.95510
     60   2.66557  4.22734  3.93707  3.47273  3.35597  3.85173  4.13988  1.55649  2.95078  2.37234  3.40759  3.68412  4.22396  2.92273  3.59242  3.09687  2.79363  1.93945  4.92654  3.68050     94 i - - -
          2.68618  4.42225  2.77519  2.73123  3.46354  2.40513  3.72494  3.29354  2.67741  2.69355  4.24690  2.90347  2.73739  3.18146  2.89801  2.37887  2.77519  2.98518  4.58477  3.61503
          0.01322  4.72870  5.45104  0.61958  0.77255  0.48576  0.95510
     61   2.87345  5.09709  3.01834  2.38637  4.47376  3.59289  3.94656  3.90221  2.73134  3.48826  4.29925  3.18410  4.06847  3.09855  3.11390  1.89192  1.32855  3.53841  5.70882  4.36216     95 t - - -
          2.68618  4.42225  2.77519  2.73123  3.46354  2.40513  3.72494  3.29354  2.67741  2.69355  4.24690  2.90347  2.73739  3.18146  2.89801  2.37887  2.77519  2.98518  4.58477  3.61503
          0.01322  4.72870  5.45104  0.61958  0.77255  0.48576  0.95510
     62   2.94526  4.34876  4.76381  3.72812  3.16304  4.16114  4.44864  2.22379  4.00400  1.45624  3.30932  4.25910  4.50395  4.16679  4.08300  3.47323  3.13909  1.28910  5.02458  3.80531     96 v - - -
          2.68618  4.42225  2.77519  2.73123  3.46354  2.40513  3.72494  3.29354  2.67741  2.69355  4.24690  2.90347  2.73739  3.18146  2.89801  2.37887  2.77519  2.98518  4.58477  3.61503
          0.01322  4.72870  5.45104  0.61958  0.77255  0.48576  0.95510
     63   2.80836  5.30053  2.75754  1.59748  4.63936  3.56288  3.60886  4.06140  2.47020  3.60016  4.34528  2.70496  3.96520  2.73868  1.90560  2.76346  3.02668  3.36777  5.73288  4.32820     97 e - - -
          2.68618  4.42225  2.77519  2.73123  3.46354  2.40513  3.72494  3.29354  2.67741  2.69355  4.24690  2.90347  2.73739  3.18146  2.89801  2.37887  2.77519  2.98518  4.58477  3.61503
          0.01322  4.72870  5.45104  0.61958  0.77255  0.48576  0.95510
     64   0.84399  3.74005  4.28916  3.76244  3.42100  3.71695  4.46290  2.86932  3.66704  2.71508  3.68176  3.93513  4.29705  3.92004  3.90447  3.11629  3.10513  2.48545  5.30376  4.09952     98 a - - -
          2.68618  4.42225  2.77519  2.73123  3.46354  2.40513  3.72494  3.29354  2.67741  2.69355  4.24690  2.90347  2.73739  3.18146  2.89801  2.37887  2.77519  2.98518  4.58477  3.61503
          0.01322  4.72870  5.45104  0.61958  0.77255  0.48576  0.95510
     65   2.87320  5.28006  3.16990  2.59482  4.62493  3.63842  3.74974  4.07290  1.54919  3.56548  4.21681  2.90702  3.74768  2.87725  1.96192  2.66780  2.28133  3.62602  5.69857  4.34205     99 k - - -
          2.68618  4.42225  2.77519  2.73123  3.46354  2.40513  3.72494  3.29354  2.67741  2.69355  4.24690  2.90347  2.73739  3.18146  2.89801  2.37887  2.77519  2.98518  4.58477  3.61503
          0.01322  4.72870  5.45104  0.61958  0.77255  0.48576  0.95510
     66   3.48885  5.60952  4.05192  3.23781  5.10425  4.11503  3.95975  3.71516  1.25633  3.67604  4.68063  3.61579  4.44223  3.08480  1.04690  3.47346  3.62675  3.96684  5.83168  4.69455    100 r - - -
          2.68618  4.42225  2.77519  2.73123  3.46354  2.40513  3.72494  3.29354  2.67741  2.69355  4.24690  2.90347  2.73739  3.18146  2.89801  2.37887  2.77519  2.98518  4.58477  3.61503
          0.01322  4.72870  5.45104  0.61958  0.77255  0.48576  0.95510
     67   2.49463  4.41759  2.60315  3.05265  3.66081  3.59380  3.99711  2.45215  3.01055  1.83624  3.23215  3.44803  4.01357  3.22793  2.71264  2.81619  2.98541  2.54790  5.09933  3.58545    101 l - - -
          2.68618  4.42225  2.77519  2.73123  3.46354  2.40513  3.72494  3.29354  2.67741  2.69355  4.24690  2.90347  2.73739  3.18146  2.89801  2.37887  2.77519  2.98518  4.58477  3.61503
          0.08791  4.72870  2.58603  0.61958  0.77255  0.48576  0.95510
     68   1.95376  4.86037  2.73137  2.32829  4.32661  2.73514  3.70578  3.93617  2.45351  3.44082  4.21686  2.83539  3.64830  2.77808  2.79806  2.26809  2.81050  3.13906  5.62151  4.23362    102 a - - -
          2.68618  4.42225  2.77519  2.73123  3.46354  2.40513  3.72494  3.29354  2.67741  2.69355  4.24690  2.90347  2.73739  3.18146  2.89801  2.37887  2.77519  2.98518  4.58477  3.61503
          0.10109  4.65449  2.44614  0.61958  0.77255  0.62261  0.76904
     69   2.47628  5.20162  2.44775  2.16025  4.53463  2.77471  3.53809  3.98480  2.39275  3.13428  3.93204  2.70494  3.85689  2.70022  2.33086  2.56013  2.88188  3.51801  5.64150  4.23795    103 e - - -
          2.68582  4.42274  2.77440  2.73041  3.46389  2.40517  3.72506  3.29378  2.67770  2.69401  4.24713  2.90384  2.73776  3.18128  2.89812  2.37895  2.77530  2.98450  4.58519  3.61552
          0.86485  0.54665        *  1.13545  0.38754  0.00000        *
//
