HMMER3/f [3.4 | Aug 2023]
NAME  nifZ.seed.aln.trimmed
LENG  88
ALPH  amino
RF    no
MM    no
CONS  yes
CS    no
MAP   yes
DATE  Thu May 28 19:39:36 2026
NSEQ  13
EFFN  1.317139
CKSUM 2611395799
STATS LOCAL MSV       -9.0611  0.71841
STATS LOCAL VITERBI  -10.1041  0.71841
STATS LOCAL FORWARD   -4.3154  0.71841
HMM          A        C        D        E        F        G        H        I        K        L        M        N        P        Q        R        S        T        V        W        Y   
            m->m     m->i     m->d     i->m     i->i     d->m     d->d
  COMPO   2.71551  4.39140  3.06968  2.58679  3.24875  2.53849  3.86735  2.77255  2.71263  2.41328  3.62046  3.15562  3.23748  3.07402  2.84118  2.71228  2.85052  2.64573  5.03685  3.58425
          2.68618  4.42225  2.77519  2.73123  3.46354  2.40513  3.72494  3.29354  2.67741  2.69355  4.24690  2.90347  2.73739  3.18146  2.89801  2.37887  2.77519  2.98518  4.58477  3.61503
          0.02625  4.04883  4.77117  0.61958  0.77255  0.00000        *
      1   3.11640  4.63918  4.24309  3.85325  3.29685  3.96797  4.54768  2.49059  3.61067  1.86787  1.07624  4.10794  4.43249  3.98263  3.79459  3.48236  3.42672  2.51648  5.15920  3.93491      1 m - - -
          2.68618  4.42225  2.77519  2.73123  3.46354  2.40513  3.72494  3.29354  2.67741  2.69355  4.24690  2.90347  2.73739  3.18146  2.89801  2.37887  2.77519  2.98518  4.58477  3.61503
          0.28282  4.04883  1.47447  0.61958  0.77255  0.48576  0.95510
      2   3.12818  4.54347  4.31352  3.85906  1.64788  4.12185  3.99562  2.37629  3.71648  1.52028  3.10233  4.01975  4.44600  3.89857  3.88406  3.49491  3.37622  2.40996  4.30015  2.73673      2 l - - -
          2.68618  4.42225  2.77519  2.73123  3.46354  2.40513  3.72494  3.29354  2.67741  2.69355  4.24690  2.90347  2.73739  3.18146  2.89801  2.37887  2.77519  2.98518  4.58477  3.61503
          0.03381  3.79982  4.52216  0.61958  0.77255  0.70096  0.68540
      3   2.55607  4.60191  2.70769  2.49770  4.14667  1.82093  3.78495  3.64178  2.59347  3.24903  4.13343  2.95054  3.74946  2.37245  2.95258  2.63009  2.91051  3.25846  5.41097  4.10729      3 g - - -
          2.68618  4.42225  2.77519  2.73123  3.46354  2.40513  3.72494  3.29354  2.67741  2.69355  4.24690  2.90347  2.73739  3.18146  2.89801  2.37887  2.77519  2.98518  4.58477  3.61503
          0.03381  3.79982  4.52216  0.61958  0.77255  0.70096  0.68540
      4   2.25184  4.21996  3.05949  2.79936  4.10463  2.94199  3.96323  3.55146  2.87696  3.22841  4.08863  3.09447  2.64308  3.21461  3.21705  1.54633  2.69742  3.08252  5.44119  4.17123      4 s - - -
          2.68618  4.42225  2.77519  2.73123  3.46354  2.40513  3.72494  3.29354  2.67741  2.69355  4.24690  2.90347  2.73739  3.18146  2.89801  2.37887  2.77519  2.98518  4.58477  3.61503
          0.03381  3.79982  4.52216  0.61958  0.77255  0.70096  0.68540
      5   3.07328  4.46593  4.44570  3.93256  3.14648  4.25844  4.61196  1.57261  3.74960  1.32858  3.01777  4.22196  4.54688  4.02866  3.95281  3.62479  3.32211  1.90972  5.12468  3.91349      5 l - - -
          2.68618  4.42225  2.77519  2.73123  3.46354  2.40513  3.72494  3.29354  2.67741  2.69355  4.24690  2.90347  2.73739  3.18146  2.89801  2.37887  2.77519  2.98518  4.58477  3.61503
          0.03381  3.79982  4.52216  0.61958  0.77255  0.70096  0.68540
      6   2.40040  4.25369  3.34306  2.97917  3.73734  3.16569  4.00060  2.88952  2.91979  2.69563  3.73432  3.27354  1.99920  3.29219  3.23089  2.59518  2.79373  2.17691  5.22596  3.95825      6 p - - -
          2.68618  4.42225  2.77519  2.73123  3.46354  2.40513  3.72494  3.29354  2.67741  2.69355  4.24690  2.90347  2.73739  3.18146  2.89801  2.37887  2.77519  2.98518  4.58477  3.61503
          0.03381  3.79982  4.52216  0.61958  0.77255  0.70096  0.68540
      7   2.96931  4.44695  4.24586  3.76302  3.16537  4.04091  4.48642  2.04565  3.57329  1.25416  3.06978  4.04517  4.41508  3.89042  3.79339  3.42434  3.24680  1.78416  5.09342  3.85554      7 l - - -
          2.68618  4.42225  2.77519  2.73123  3.46354  2.40513  3.72494  3.29354  2.67741  2.69355  4.24690  2.90347  2.73739  3.18146  2.89801  2.37887  2.77519  2.98518  4.58477  3.61503
          0.03381  3.79982  4.52216  0.61958  0.77255  0.70096  0.68540
      8   2.66869  4.67980  3.13593  2.66849  4.11525  3.33431  3.68230  3.54957  2.22919  3.12370  4.01723  3.08623  2.79164  2.86840  1.65928  2.74355  2.95090  3.22374  5.28302  4.04514      8 r - - -
          2.68618  4.42225  2.77519  2.73123  3.46354  2.40513  3.72494  3.29354  2.67741  2.69355  4.24690  2.90347  2.73739  3.18146  2.89801  2.37887  2.77519  2.98518  4.58477  3.61503
          0.03381  3.79982  4.52216  0.61958  0.77255  0.70096  0.68540
      9   2.69359  5.09823  2.20738  1.98368  4.37847  3.26066  2.96189  3.84419  2.13148  3.37072  4.17951  2.73724  3.75481  2.72607  2.85086  2.64693  2.93905  3.46404  5.53991  4.14149      9 e - - -
          2.68618  4.42225  2.77519  2.73123  3.46354  2.40513  3.72494  3.29354  2.67741  2.69355  4.24690  2.90347  2.73739  3.18146  2.89801  2.37887  2.77519  2.98518  4.58477  3.61503
          0.03381  3.79982  4.52216  0.61958  0.77255  0.37146  1.17029
     10   2.65556  4.80216  2.92315  2.54431  4.30932  1.90105  3.74458  3.75114  2.42462  3.32201  4.15049  2.60156  3.84831  2.90817  2.15738  2.70020  2.95249  3.36711  5.49149  4.18589     10 g - - -
          2.68618  4.42225  2.77519  2.73123  3.46354  2.40513  3.72494  3.29354  2.67741  2.69355  4.24690  2.90347  2.73739  3.18146  2.89801  2.37887  2.77519  2.98518  4.58477  3.61503
          0.28282  4.04883  1.47447  0.61958  0.77255  0.48576  0.95510
     11   2.20149  4.13352  3.23601  2.94204  4.05102  2.92562  4.02485  3.36840  2.95001  3.13359  4.01301  3.16937  3.63695  3.29457  3.26180  1.72500  1.90377  2.93278  5.42383  4.17808     11 s - - -
          2.68618  4.42225  2.77519  2.73123  3.46354  2.40513  3.72494  3.29354  2.67741  2.69355  4.24690  2.90347  2.73739  3.18146  2.89801  2.37887  2.77519  2.98518  4.58477  3.61503
          0.03381  3.79982  4.52216  0.61958  0.77255  0.70096  0.68540
     12   2.12248  4.17962  3.39051  2.91562  2.85235  3.23075  3.87163  2.85249  2.88089  2.62967  3.54602  3.23621  3.78051  3.19206  3.21821  2.27307  2.38308  2.58173  5.00795  3.75132     12 a - - -
          2.68618  4.42225  2.77519  2.73123  3.46354  2.40513  3.72494  3.29354  2.67741  2.69355  4.24690  2.90347  2.73739  3.18146  2.89801  2.37887  2.77519  2.98518  4.58477  3.61503
          0.03381  3.79982  4.52216  0.61958  0.77255  0.70096  0.68540
     13   3.08583  4.49896  4.40079  3.89146  3.09775  4.23258  4.56729  1.78260  3.69404  1.18079  2.98225  4.18760  4.52589  3.98101  3.89759  3.60153  3.33543  2.00577  5.07996  3.86126     13 l - - -
          2.68618  4.42225  2.77519  2.73123  3.46354  2.40513  3.72494  3.29354  2.67741  2.69355  4.24690  2.90347  2.73739  3.18146  2.89801  2.37887  2.77519  2.98518  4.58477  3.61503
          0.03381  3.79982  4.52216  0.61958  0.77255  0.70096  0.68540
     14   2.46702  4.46494  3.05607  2.67380  4.02263  3.16756  3.76051  3.48049  2.45367  3.11325  3.98610  3.05889  3.74875  2.97240  2.30345  1.74007  2.81889  3.10811  5.29990  4.01323     14 s - - -
          2.68613  4.42234  2.77512  2.73116  3.46363  2.40522  3.72503  3.29363  2.67750  2.69364  4.24698  2.90355  2.73718  3.18155  2.89791  2.37874  2.77512  2.98527  4.58486  3.61512
          0.31893  1.33861  4.52216  0.95902  0.48332  0.37146  1.17029
     15   2.85810  5.23069  2.71785  2.09063  4.56151  3.45566  3.76512  4.01743  2.51305  3.53818  4.34723  2.95566  2.01966  1.85111  2.94861  2.82337  3.10617  3.63309  5.70051  4.32282     18 q - - -
          2.68618  4.42225  2.77519  2.73123  3.46354  2.40513  3.72494  3.29354  2.67741  2.69355  4.24690  2.90347  2.73739  3.18146  2.89801  2.37887  2.77519  2.98518  4.58477  3.61503
          0.02015  4.31023  5.03257  0.61958  0.77255  0.48576  0.95510
     16   2.83518  4.51314  3.88697  3.47486  3.72054  3.71021  4.36612  1.71713  3.37406  2.55425  3.69161  3.76628  1.43763  3.72878  3.64922  3.12009  3.16786  2.49556  5.33249  4.08894     19 p - - -
          2.68618  4.42225  2.77519  2.73123  3.46354  2.40513  3.72494  3.29354  2.67741  2.69355  4.24690  2.90347  2.73739  3.18146  2.89801  2.37887  2.77519  2.98518  4.58477  3.61503
          0.02015  4.31023  5.03257  0.61958  0.77255  0.48576  0.95510
     17   2.20538  4.15967  4.26541  3.68378  2.90670  3.85695  4.19109  1.79036  3.55895  2.13096  3.26771  3.86996  4.22151  3.77308  3.72435  2.75452  2.95428  1.83583  4.83765  3.64610     20 i - - -
          2.68618  4.42225  2.77519  2.73123  3.46354  2.40513  3.72494  3.29354  2.67741  2.69355  4.24690  2.90347  2.73739  3.18146  2.89801  2.37887  2.77519  2.98518  4.58477  3.61503
          0.02015  4.31023  5.03257  0.61958  0.77255  0.48576  0.95510
     18   4.06171  5.18522  5.02974  4.80969  0.75133  4.72721  3.63571  3.66761  4.62805  2.92401  4.24006  4.37000  5.01617  4.47478  4.56602  4.11973  4.27691  3.61747  3.74041  1.46839     21 f - - -
          2.68618  4.42225  2.77519  2.73123  3.46354  2.40513  3.72494  3.29354  2.67741  2.69355  4.24690  2.90347  2.73739  3.18146  2.89801  2.37887  2.77519  2.98518  4.58477  3.61503
          0.02015  4.31023  5.03257  0.61958  0.77255  0.48576  0.95510
     19   2.84651  5.25877  2.75160  1.31001  4.59150  3.46616  3.72979  4.04834  2.44101  3.54874  4.34308  2.94802  3.92950  2.57504  2.57963  2.53843  3.08432  3.65324  5.69208  4.31446     22 e - - -
          2.68618  4.42225  2.77519  2.73123  3.46354  2.40513  3.72494  3.29354  2.67741  2.69355  4.24690  2.90347  2.73739  3.18146  2.89801  2.37887  2.77519  2.98518  4.58477  3.61503
          0.02015  4.31023  5.03257  0.61958  0.77255  0.48576  0.95510
     20   2.84585  4.37887  4.06659  3.47728  3.34668  3.91569  4.17900  1.94085  3.28012  1.96767  2.13770  3.78445  4.26083  3.60738  2.25725  3.19860  3.07406  2.44300  4.97341  3.79299     23 i - - -
          2.68618  4.42225  2.77519  2.73123  3.46354  2.40513  3.72494  3.29354  2.67741  2.69355  4.24690  2.90347  2.73739  3.18146  2.89801  2.37887  2.77519  2.98518  4.58477  3.61503
          0.01937  4.34927  5.07162  0.61958  0.77255  0.48576  0.95510
     21   3.05335  5.66837  1.64098  1.56326  4.96946  2.05976  3.88926  4.49703  2.86413  3.96560  4.78206  2.53244  3.98937  3.03878  3.45640  2.94096  3.33037  4.04708  6.11363  4.60427     24 e - - -
          2.68618  4.42225  2.77519  2.73123  3.46354  2.40513  3.72494  3.29354  2.67741  2.69355  4.24690  2.90347  2.73739  3.18146  2.89801  2.37887  2.77519  2.98518  4.58477  3.61503
          0.01937  4.34927  5.07162  0.61958  0.77255  0.48576  0.95510
     22   2.40245  5.15556  2.84152  2.02395  4.47230  3.44167  3.22090  3.93970  2.42331  3.44777  4.21185  2.63775  2.52095  2.30418  2.90723  2.68074  2.94664  3.53274  5.60385  4.20710     25 e - - -
          2.68618  4.42225  2.77519  2.73123  3.46354  2.40513  3.72494  3.29354  2.67741  2.69355  4.24690  2.90347  2.73739  3.18146  2.89801  2.37887  2.77519  2.98518  4.58477  3.61503
          0.01937  4.34927  5.07162  0.61958  0.77255  0.48576  0.95510
     23   1.99906  5.12019  3.29707  2.71871  4.53947  3.62856  3.74859  3.92116  1.32408  3.43743  4.26502  3.18299  4.03434  2.88218  2.25143  2.92763  3.13759  3.57074  5.56637  4.30706     26 k - - -
          2.68618  4.42225  2.77519  2.73123  3.46354  2.40513  3.72494  3.29354  2.67741  2.69355  4.24690  2.90347  2.73739  3.18146  2.89801  2.37887  2.77519  2.98518  4.58477  3.61503
          0.01937  4.34927  5.07162  0.61958  0.77255  0.48576  0.95510
     24   1.76508  4.39332  4.39188  3.99790  3.93708  3.72436  4.77489  2.31250  3.91177  2.69768  3.82164  4.07937  4.34405  4.19375  4.12648  3.15790  3.16943  1.01052  5.62463  4.41616     27 v - - -
          2.68618  4.42225  2.77519  2.73123  3.46354  2.40513  3.72494  3.29354  2.67741  2.69355  4.24690  2.90347  2.73739  3.18146  2.89801  2.37887  2.77519  2.98518  4.58477  3.61503
          0.01937  4.34927  5.07162  0.61958  0.77255  0.48576  0.95510
     25   3.40527  5.41564  3.90629  3.16969  4.94142  3.94260  3.83271  4.27440  1.82633  3.67453  4.57825  3.51149  4.30989  2.97295  0.79351  3.40466  3.55069  3.97142  5.65894  4.55402     28 r - - -
          2.68635  4.41777  2.77658  2.73183  3.46036  2.40617  3.71959  3.29409  2.67879  2.69103  4.24828  2.90431  2.73689  3.18285  2.89774  2.37937  2.77658  2.98436  4.57919  3.61490
          0.23371  1.59882  5.07162  3.22427  0.04060  0.48576  0.95510
     26   3.09644  4.48461  4.67455  4.11295  3.39149  4.30538  4.69099  2.00570  3.98430  1.07246  3.23983  4.33160  4.61447  4.18431  4.15010  3.63350  2.56273  1.91542  5.22852  4.08804     63 l - - -
          2.68618  4.42225  2.77519  2.73123  3.46354  2.40513  3.72494  3.29354  2.67741  2.69355  4.24690  2.90347  2.73739  3.18146  2.89801  2.37887  2.77519  2.98518  4.58477  3.61503
          0.01937  4.34927  5.07162  0.61958  0.77255  0.48576  0.95510
     27   2.52612  5.01110  3.15686  2.60023  4.39305  2.76239  3.72634  3.80444  2.14115  3.34861  4.15638  3.09206  3.94775  2.86045  1.58778  2.79257  2.68762  3.44418  5.51831  4.21311     64 r - - -
          2.68618  4.42225  2.77519  2.73123  3.46354  2.40513  3.72494  3.29354  2.67741  2.69355  4.24690  2.90347  2.73739  3.18146  2.89801  2.37887  2.77519  2.98518  4.58477  3.61503
          0.01937  4.34927  5.07162  0.61958  0.77255  0.48576  0.95510
     28   3.39572  5.46923  3.92512  3.12018  5.02648  3.95401  3.78109  4.32214  1.32156  3.68858  4.57305  3.47113  4.29025  2.90908  1.08075  3.37473  3.52108  4.00899  5.66226  4.56140     65 r - - -
          2.68618  4.42225  2.77519  2.73123  3.46354  2.40513  3.72494  3.29354  2.67741  2.69355  4.24690  2.90347  2.73739  3.18146  2.89801  2.37887  2.77519  2.98518  4.58477  3.61503
          0.01937  4.34927  5.07162  0.61958  0.77255  0.48576  0.95510
     29   2.95833  4.40998  4.37277  3.79357  2.07938  4.07300  4.31801  2.54262  3.66243  1.54175  2.02658  4.02870  4.38893  2.90005  3.83845  3.36862  3.18405  2.52736  4.88522  3.67751     66 l - - -
          2.68618  4.42225  2.77519  2.73123  3.46354  2.40513  3.72494  3.29354  2.67741  2.69355  4.24690  2.90347  2.73739  3.18146  2.89801  2.37887  2.77519  2.98518  4.58477  3.61503
          0.01937  4.34927  5.07162  0.61958  0.77255  0.48576  0.95510
     30   3.39812  4.67630  5.20036  4.64943  2.43489  4.71867  4.98854  1.07690  4.51469  1.48057  3.13928  4.79972  4.91612  4.57963  4.57630  4.07805  3.62549  2.17293  5.24259  4.04076     67 i - - -
          2.68618  4.42225  2.77519  2.73123  3.46354  2.40513  3.72494  3.29354  2.67741  2.69355  4.24690  2.90347  2.73739  3.18146  2.89801  2.37887  2.77519  2.98518  4.58477  3.61503
          0.01937  4.34927  5.07162  0.61958  0.77255  0.48576  0.95510
     31   2.99689  5.15505  3.43694  2.80539  4.56994  3.70038  3.75062  3.93275  1.88816  3.43860  4.27978  3.24716  4.08525  2.88642  1.40636  3.00995  2.07163  3.60025  5.55371  4.32803     68 r - - -
          2.68618  4.42225  2.77519  2.73123  3.46354  2.40513  3.72494  3.29354  2.67741  2.69355  4.24690  2.90347  2.73739  3.18146  2.89801  2.37887  2.77519  2.98518  4.58477  3.61503
          0.01937  4.34927  5.07162  0.61958  0.77255  0.48576  0.95510
     32   2.81582  4.92525  2.85258  2.74379  4.76320  1.80598  4.19485  4.32207  3.14160  3.90378  4.74546  1.11396  4.02118  3.40416  3.57757  2.87788  3.22864  3.80067  5.99260  4.65538     69 n - - -
          2.68618  4.42225  2.77519  2.73123  3.46354  2.40513  3.72494  3.29354  2.67741  2.69355  4.24690  2.90347  2.73739  3.18146  2.89801  2.37887  2.77519  2.98518  4.58477  3.61503
          0.01937  4.34927  5.07162  0.61958  0.77255  0.48576  0.95510
     33   2.95751  4.95545  1.30185  2.70005  4.12671  3.60506  4.06175  1.94738  3.01569  3.05058  4.08601  3.22014  4.12754  3.27908  3.48029  3.04472  3.23680  2.88493  5.59582  4.23801     70 d - - -
          2.68618  4.42225  2.77519  2.73123  3.46354  2.40513  3.72494  3.29354  2.67741  2.69355  4.24690  2.90347  2.73739  3.18146  2.89801  2.37887  2.77519  2.98518  4.58477  3.61503
          0.01937  4.34927  5.07162  0.61958  0.77255  0.48576  0.95510
     34   3.04880  5.29302  2.63280  1.58735  4.86355  1.15944  4.08972  4.35943  3.03244  3.91562  4.77806  3.08600  4.07707  3.27736  3.51661  3.02896  3.38555  3.92651  6.02949  4.67259     71 g - - -
          2.68618  4.42225  2.77519  2.73123  3.46354  2.40513  3.72494  3.29354  2.67741  2.69355  4.24690  2.90347  2.73739  3.18146  2.89801  2.37887  2.77519  2.98518  4.58477  3.61503
          0.01937  4.34927  5.07162  0.61958  0.77255  0.48576  0.95510
     35   2.85782  4.44423  4.19465  3.72856  3.71868  3.84832  4.53201  1.64400  3.60302  2.48101  3.62572  3.96129  4.35793  3.92776  3.85307  3.23157  1.34944  2.17926  5.39281  4.17471     72 t - - -
          2.68618  4.42225  2.77519  2.73123  3.46354  2.40513  3.72494  3.29354  2.67741  2.69355  4.24690  2.90347  2.73739  3.18146  2.89801  2.37887  2.77519  2.98518  4.58477  3.61503
          0.01937  4.34927  5.07162  0.61958  0.77255  0.48576  0.95510
     36   3.68593  5.06965  4.44487  4.11325  0.91547  4.40298  1.85201  3.62090  3.96788  2.98411  4.19179  4.10420  4.76853  4.11974  4.11222  3.79005  3.92461  3.50207  3.92795  2.20815     73 f - - -
          2.68618  4.42225  2.77519  2.73123  3.46354  2.40513  3.72494  3.29354  2.67741  2.69355  4.24690  2.90347  2.73739  3.18146  2.89801  2.37887  2.77519  2.98518  4.58477  3.61503
          0.01937  4.34927  5.07162  0.61958  0.77255  0.48576  0.95510
     37   3.51190  5.15989  4.17274  4.09732  5.01046  3.82198  5.10995  4.71252  4.20223  4.27119  5.35773  4.34505  0.28206  4.57374  4.36920  3.69967  3.99382  4.29643  6.03476  5.14526     74 P - - -
          2.68618  4.42225  2.77519  2.73123  3.46354  2.40513  3.72494  3.29354  2.67741  2.69355  4.24690  2.90347  2.73739  3.18146  2.89801  2.37887  2.77519  2.98518  4.58477  3.61503
          0.01937  4.34927  5.07162  0.61958  0.77255  0.48576  0.95510
     38   3.36657  5.06751  4.13473  4.10549  5.18778  0.26704  5.16832  4.93105  4.34948  4.51244  5.51061  4.30161  4.47007  4.63670  4.50735  3.55594  3.88330  4.36662  6.12976  5.31476     75 G - - -
          2.68618  4.42225  2.77519  2.73123  3.46354  2.40513  3.72494  3.29354  2.67741  2.69355  4.24690  2.90347  2.73739  3.18146  2.89801  2.37887  2.77519  2.98518  4.58477  3.61503
          0.01937  4.34927  5.07162  0.61958  0.77255  0.48576  0.95510
     39   2.07443  5.17119  3.01802  2.19855  4.51697  3.51359  3.66157  3.96166  1.83109  3.45127  4.22509  2.99389  3.90637  2.39240  2.36680  2.74171  2.98891  3.56506  5.58083  4.22909     76 k - - -
          2.68618  4.42225  2.77519  2.73123  3.46354  2.40513  3.72494  3.29354  2.67741  2.69355  4.24690  2.90347  2.73739  3.18146  2.89801  2.37887  2.77519  2.98518  4.58477  3.61503
          0.01937  4.34927  5.07162  0.61958  0.77255  0.48576  0.95510
     40   2.76519  5.22951  1.94716  1.97927  4.54917  3.43331  3.70419  4.02207  2.48882  3.52610  4.29607  2.90770  3.88334  2.82203  2.54527  2.72306  2.15298  3.60932  5.68061  4.27040     77 d - - -
          2.68618  4.42225  2.77519  2.73123  3.46354  2.40513  3.72494  3.29354  2.67741  2.69355  4.24690  2.90347  2.73739  3.18146  2.89801  2.37887  2.77519  2.98518  4.58477  3.61503
          0.01937  4.34927  5.07162  0.61958  0.77255  0.48576  0.95510
     41   2.70077  4.20789  4.04294  3.46271  3.31083  3.78821  4.09210  1.92672  3.33653  1.74700  3.29536  3.72113  4.15789  3.59766  3.02940  2.59939  2.93543  2.09002  4.84138  3.64469     78 l - - -
          2.68618  4.42225  2.77519  2.73123  3.46354  2.40513  3.72494  3.29354  2.67741  2.69355  4.24690  2.90347  2.73739  3.18146  2.89801  2.37887  2.77519  2.98518  4.58477  3.61503
          0.01937  4.34927  5.07162  0.61958  0.77255  0.48576  0.95510
     42   2.90913  4.86054  3.47256  3.18687  4.67492  0.80515  4.29141  4.18699  2.97776  3.77239  4.64771  3.53930  4.14114  3.51996  2.29631  3.02641  3.30787  3.73648  5.82025  4.64363     79 g - - -
          2.68618  4.42225  2.77519  2.73123  3.46354  2.40513  3.72494  3.29354  2.67741  2.69355  4.24690  2.90347  2.73739  3.18146  2.89801  2.37887  2.77519  2.98518  4.58477  3.61503
          0.01937  4.34927  5.07162  0.61958  0.77255  0.48576  0.95510
     43   2.52075  5.02999  2.93022  1.87204  4.33184  3.45879  3.68479  3.76314  2.44490  3.32168  4.11050  2.96613  3.87294  2.01306  2.91106  2.69159  2.55102  3.03922  5.51731  4.15053     80 e - - -
          2.68618  4.42225  2.77519  2.73123  3.46354  2.40513  3.72494  3.29354  2.67741  2.69355  4.24690  2.90347  2.73739  3.18146  2.89801  2.37887  2.77519  2.98518  4.58477  3.61503
          0.01937  4.34927  5.07162  0.61958  0.77255  0.48576  0.95510
     44   2.37963  4.50994  3.35303  2.83446  3.82731  2.49323  3.89671  2.38840  2.81965  2.88400  3.75161  2.68885  3.94455  3.14408  3.21677  2.75957  2.01353  2.89666  5.21523  3.95341     81 t - - -
          2.68618  4.42225  2.77519  2.73123  3.46354  2.40513  3.72494  3.29354  2.67741  2.69355  4.24690  2.90347  2.73739  3.18146  2.89801  2.37887  2.77519  2.98518  4.58477  3.61503
          0.01937  4.34927  5.07162  0.61958  0.77255  0.48576  0.95510
     45   3.43611  4.71217  5.21820  4.67260  3.38774  4.79588  5.20173  1.91271  4.54300  0.91135  3.16582  4.88059  4.98463  4.64617  4.64039  4.16784  3.66997  1.59516  5.47601  4.39714     82 l - - -
          2.68618  4.42225  2.77519  2.73123  3.46354  2.40513  3.72494  3.29354  2.67741  2.69355  4.24690  2.90347  2.73739  3.18146  2.89801  2.37887  2.77519  2.98518  4.58477  3.61503
          0.01937  4.34927  5.07162  0.61958  0.77255  0.48576  0.95510
     46   2.85779  5.37488  1.78590  1.91276  4.69526  2.20137  3.76280  4.18668  2.59754  3.67405  4.45260  2.88494  3.91834  2.88857  2.56551  2.79271  3.10880  3.75848  5.82060  4.38141     83 d - - -
          2.68618  4.42225  2.77519  2.73123  3.46354  2.40513  3.72494  3.29354  2.67741  2.69355  4.24690  2.90347  2.73739  3.18146  2.89801  2.37887  2.77519  2.98518  4.58477  3.61503
          0.01937  4.34927  5.07162  0.61958  0.77255  0.48576  0.95510
     47   2.83952  3.05449  4.63216  4.04997  3.34494  4.05164  4.42513  1.68288  3.89514  2.24967  2.16946  4.14996  4.39929  4.07455  3.99160  3.37034  2.73760  1.69048  4.96495  3.78405     84 i - - -
          2.68618  4.42225  2.77519  2.73123  3.46354  2.40513  3.72494  3.29354  2.67741  2.69355  4.24690  2.90347  2.73739  3.18146  2.89801  2.37887  2.77519  2.98518  4.58477  3.61503
          0.01937  4.34927  5.07162  0.61958  0.77255  0.48576  0.95510
     48   3.36657  5.06751  4.13473  4.10549  5.18778  0.26704  5.16832  4.93105  4.34948  4.51244  5.51061  4.30161  4.47007  4.63670  4.50735  3.55594  3.88330  4.36662  6.12976  5.31476     85 G - - -
          2.68618  4.42225  2.77519  2.73123  3.46354  2.40513  3.72494  3.29354  2.67741  2.69355  4.24690  2.90347  2.73739  3.18146  2.89801  2.37887  2.77519  2.98518  4.58477  3.61503
          0.10347  4.34927  2.46060  0.61958  0.77255  0.48576  0.95510
     49   3.10033  4.49714  4.47729  3.97649  2.22455  4.13395  3.91151  2.73186  3.83884  2.38621  3.50933  4.03222  4.47664  3.97783  3.96762  3.45232  3.33403  1.71765  4.22293  1.45742     86 y - - -
          2.68618  4.42225  2.77519  2.73123  3.46354  2.40513  3.72494  3.29354  2.67741  2.69355  4.24690  2.90347  2.73739  3.18146  2.89801  2.37887  2.77519  2.98518  4.58477  3.61503
          0.02106  4.26686  4.98920  0.61958  0.77255  0.59585  0.80094
     50   3.23462  4.53730  5.02298  4.55559  3.76976  4.59886  5.27766  1.62924  4.43919  2.26769  3.57086  4.74158  4.93372  4.71986  4.63005  4.01375  3.51368  0.77921  5.76609  4.53867     87 v - - -
          2.68618  4.42225  2.77519  2.73123  3.46354  2.40513  3.72494  3.29354  2.67741  2.69355  4.24690  2.90347  2.73739  3.18146  2.89801  2.37887  2.77519  2.98518  4.58477  3.61503
          0.02106  4.26686  4.98920  0.61958  0.77255  0.59585  0.80094
     51   2.42806  4.25626  4.23091  3.68965  3.50630  3.85970  4.35252  1.64289  3.58960  2.42445  3.44644  3.90807  4.28471  3.84465  3.81062  2.57480  3.03488  1.49329  5.09789  3.89469     88 v - - -
          2.68618  4.42225  2.77519  2.73123  3.46354  2.40513  3.72494  3.29354  2.67741  2.69355  4.24690  2.90347  2.73739  3.18146  2.89801  2.37887  2.77519  2.98518  4.58477  3.61503
          0.02106  4.26686  4.98920  0.61958  0.77255  0.59585  0.80094
     52   2.40966  4.37253  3.46442  3.29246  4.66146  1.13857  4.46494  4.15459  3.48206  3.81412  4.62473  3.45719  3.86443  3.73928  3.79447  1.53330  2.92236  3.50657  5.96976  4.75557     89 g - - -
          2.68618  4.42225  2.77519  2.73123  3.46354  2.40513  3.72494  3.29354  2.67741  2.69355  4.24690  2.90347  2.73739  3.18146  2.89801  2.37887  2.77519  2.98518  4.58477  3.61503
          0.25659  4.26686  1.54982  0.61958  0.77255  0.59585  0.80094
     53   3.16059  4.53761  4.56317  4.18756  3.48967  4.23925  4.88776  0.89481  4.01886  2.04529  3.40274  4.41025  4.65736  4.35206  4.19701  3.75299  3.45795  1.86427  5.41243  4.16297     90 i - - -
          2.68618  4.42225  2.77519  2.73123  3.46354  2.40513  3.72494  3.29354  2.67741  2.69355  4.24690  2.90347  2.73739  3.18146  2.89801  2.37887  2.77519  2.98518  4.58477  3.61503
          0.02658  4.03685  4.75919  0.61958  0.77255  0.81845  0.58181
     54   2.88182  4.63806  3.58903  3.51076  4.64455  0.51521  4.61835  4.28674  3.71422  3.91941  4.89849  3.75373  4.03431  4.02560  3.92966  3.05890  3.37587  3.78333  5.69358  4.75295     91 G - - -
          2.68618  4.42225  2.77519  2.73123  3.46354  2.40513  3.72494  3.29354  2.67741  2.69355  4.24690  2.90347  2.73739  3.18146  2.89801  2.37887  2.77519  2.98518  4.58477  3.61503
          0.02658  4.03685  4.75919  0.61958  0.77255  0.81845  0.58181
     55   2.50898  4.35336  3.58240  3.34575  4.12227  3.18628  4.34945  3.26979  3.29197  3.12737  4.16969  3.52620  3.90410  3.67919  3.54075  2.71240  0.92087  2.94681  5.54546  4.33983     92 t - - -
          2.68618  4.42225  2.77519  2.73123  3.46354  2.40513  3.72494  3.29354  2.67741  2.69355  4.24690  2.90347  2.73739  3.18146  2.89801  2.37887  2.77519  2.98518  4.58477  3.61503
          0.02658  4.03685  4.75919  0.61958  0.77255  0.81845  0.58181
     56   3.65968  4.89639  4.62775  4.31699  1.37603  4.40093  3.47976  3.35134  4.16407  2.68038  3.94840  4.07781  4.71087  4.13497  4.20077  3.77119  3.88201  3.27578  3.61990  1.06575     93 y - - -
          2.68618  4.42225  2.77519  2.73123  3.46354  2.40513  3.72494  3.29354  2.67741  2.69355  4.24690  2.90347  2.73739  3.18146  2.89801  2.37887  2.77519  2.98518  4.58477  3.61503
          0.02658  4.03685  4.75919  0.61958  0.77255  0.64521  0.74350
     57   3.46887  4.85671  4.61758  4.26691  3.25983  4.31831  4.83986  2.48642  4.03241  0.60440  3.21393  4.51671  4.71296  4.33571  4.16135  3.93331  3.75382  2.59155  5.22718  4.00941     94 L - - -
          2.68618  4.42225  2.77519  2.73123  3.46354  2.40513  3.72494  3.29354  2.67741  2.69355  4.24690  2.90347  2.73739  3.18146  2.89801  2.37887  2.77519  2.98518  4.58477  3.61503
          0.02395  4.13952  4.86186  0.61958  0.77255  0.35810  1.20066
     58   2.90549  5.29637  2.93544  1.83916  4.65693  3.55038  3.72365  4.09646  2.31172  3.56748  4.36521  3.02864  3.97948  1.61619  2.28722  2.86532  3.12545  3.70595  5.67644  4.34054     95 q - - -
          2.68618  4.42225  2.77519  2.73123  3.46354  2.40513  3.72494  3.29354  2.67741  2.69355  4.24690  2.90347  2.73739  3.18146  2.89801  2.37887  2.77519  2.98518  4.58477  3.61503
          0.01937  4.34927  5.07162  0.61958  0.77255  0.48576  0.95510
     59   2.66666  4.74766  3.28874  2.76900  4.28403  3.43368  3.87061  3.68552  2.56156  3.29387  4.12179  3.20198  3.94029  3.03999  1.91531  2.14193  1.76203  3.31417  5.51210  4.23064     96 t - - -
          2.68618  4.42225  2.77519  2.73123  3.46354  2.40513  3.72494  3.29354  2.67741  2.69355  4.24690  2.90347  2.73739  3.18146  2.89801  2.37887  2.77519  2.98518  4.58477  3.61503
          0.10347  4.34927  2.46060  0.61958  0.77255  0.48576  0.95510
     60   1.82227  4.43945  3.41157  2.94036  3.69156  3.41783  3.94160  3.19212  2.92244  2.88833  3.77194  3.31393  3.94004  3.24512  3.28766  1.94152  2.89576  2.90241  5.12768  2.31955     97 a - - -
          2.68618  4.42225  2.77519  2.73123  3.46354  2.40513  3.72494  3.29354  2.67741  2.69355  4.24690  2.90347  2.73739  3.18146  2.89801  2.37887  2.77519  2.98518  4.58477  3.61503
          0.02106  4.26686  4.98920  0.61958  0.77255  0.42261  1.06519
     61   3.64631  4.92308  5.16069  4.69055  1.30760  4.76456  4.53920  2.58089  4.52915  1.06572  3.15781  4.73616  4.96208  4.52550  4.55764  4.14987  3.86754  2.74725  4.68769  3.18277     98 l - - -
          2.68618  4.42225  2.77519  2.73123  3.46354  2.40513  3.72494  3.29354  2.67741  2.69355  4.24690  2.90347  2.73739  3.18146  2.89801  2.37887  2.77519  2.98518  4.58477  3.61503
          0.01937  4.34927  5.07162  0.61958  0.77255  0.48576  0.95510
     62   2.88971  4.30966  4.45319  3.87448  3.29032  4.04910  4.38169  1.63036  3.73442  1.45694  2.82402  4.06670  4.38623  3.93972  3.88912  2.68739  3.12464  2.22058  4.97047  3.80215     99 l - - -
          2.68618  4.42225  2.77519  2.73123  3.46354  2.40513  3.72494  3.29354  2.67741  2.69355  4.24690  2.90347  2.73739  3.18146  2.89801  2.37887  2.77519  2.98518  4.58477  3.61503
          0.01937  4.34927  5.07162  0.61958  0.77255  0.48576  0.95510
     63   2.73832  5.14352  2.56874  1.72947  4.42796  3.44233  3.69641  3.89463  2.48785  3.42537  4.20587  2.92438  3.05438  2.59187  2.98042  2.71150  2.97631  3.50719  5.59940  2.54788    100 e - - -
          2.68618  4.42225  2.77519  2.73123  3.46354  2.40513  3.72494  3.29354  2.67741  2.69355  4.24690  2.90347  2.73739  3.18146  2.89801  2.37887  2.77519  2.98518  4.58477  3.61503
          0.01937  4.34927  5.07162  0.61958  0.77255  0.48576  0.95510
     64   2.86664  5.21616  3.13602  2.57078  4.59488  3.58472  3.68829  4.01649  1.62166  3.49068  4.28364  3.07339  3.97354  2.02158  2.37133  2.16961  3.07739  3.63364  5.59683  4.28859    101 k - - -
          2.68618  4.42225  2.77519  2.73123  3.46354  2.40513  3.72494  3.29354  2.67741  2.69355  4.24690  2.90347  2.73739  3.18146  2.89801  2.37887  2.77519  2.98518  4.58477  3.61503
          0.01937  4.34927  5.07162  0.61958  0.77255  0.48576  0.95510
     65   2.70438  4.77073  3.03906  2.70774  4.21482  1.62838  3.94722  3.66742  2.80114  2.59661  4.16616  1.99707  3.95898  3.14895  3.21314  2.78573  3.02964  3.31041  5.53278  4.20102    102 g - - -
          2.68618  4.42225  2.77519  2.73123  3.46354  2.40513  3.72494  3.29354  2.67741  2.69355  4.24690  2.90347  2.73739  3.18146  2.89801  2.37887  2.77519  2.98518  4.58477  3.61503
          0.01937  4.34927  5.07162  0.61958  0.77255  0.48576  0.95510
     66   2.68544  4.11733  4.30255  3.71068  2.42060  3.81735  4.11900  2.19777  3.03441  2.00136  3.20067  3.85491  4.17909  3.75634  3.69200  3.11399  2.91738  1.79494  4.71470  2.86481    103 v - - -
          2.68618  4.42225  2.77519  2.73123  3.46354  2.40513  3.72494  3.29354  2.67741  2.69355  4.24690  2.90347  2.73739  3.18146  2.89801  2.37887  2.77519  2.98518  4.58477  3.61503
          0.01937  4.34927  5.07162  0.61958  0.77255  0.48576  0.95510
     67   2.69443  4.26229  3.87820  3.31217  3.39452  3.74369  3.09184  2.12984  3.21436  2.43162  3.37927  3.62307  4.12739  3.49750  3.48335  3.02364  2.11783  1.75754  4.90443  3.69057    104 v - - -
          2.68618  4.42225  2.77519  2.73123  3.46354  2.40513  3.72494  3.29354  2.67741  2.69355  4.24690  2.90347  2.73739  3.18146  2.89801  2.37887  2.77519  2.98518  4.58477  3.61503
          0.01937  4.34927  5.07162  0.61958  0.77255  0.48576  0.95510
     68   3.33004  4.64473  5.05161  4.54605  3.50092  4.62944  5.12633  2.03975  4.39391  1.24533  3.31973  4.73855  4.91145  4.59428  4.53174  4.02083  3.58771  1.12137  5.51342  4.35454    105 v - - -
          2.68618  4.42225  2.77519  2.73123  3.46354  2.40513  3.72494  3.29354  2.67741  2.69355  4.24690  2.90347  2.73739  3.18146  2.89801  2.37887  2.77519  2.98518  4.58477  3.61503
          0.01937  4.34927  5.07162  0.61958  0.77255  0.48576  0.95510
     69   2.55449  2.50780  4.28736  4.04885  4.61817  0.68207  4.84380  4.01367  3.98719  3.78084  4.65702  3.90968  4.04022  4.24824  4.15272  2.77368  3.08478  3.46987  5.93851  4.85076    106 G - - -
          2.68618  4.42225  2.77519  2.73123  3.46354  2.40513  3.72494  3.29354  2.67741  2.69355  4.24690  2.90347  2.73739  3.18146  2.89801  2.37887  2.77519  2.98518  4.58477  3.61503
          0.01937  4.34927  5.07162  0.61958  0.77255  0.48576  0.95510
     70   3.04496  5.25392  3.38963  2.79283  4.71453  3.70578  3.75179  4.09157  1.07112  3.55049  4.38504  3.23869  4.09928  2.88007  2.12952  2.46446  3.24413  3.73666  5.62043  4.39511    107 k - - -
          2.68618  4.42225  2.77519  2.73123  3.46354  2.40513  3.72494  3.29354  2.67741  2.69355  4.24690  2.90347  2.73739  3.18146  2.89801  2.37887  2.77519  2.98518  4.58477  3.61503
          0.01937  4.34927  5.07162  0.61958  0.77255  0.48576  0.95510
     71   3.04419  5.37290  2.80674  1.01759  4.73046  3.55489  3.86062  4.19049  2.51104  3.68741  4.53056  3.07229  4.05775  3.00733  2.31762  3.00027  3.28844  3.81539  5.79365  4.45962    108 e - - -
          2.68618  4.42225  2.77519  2.73123  3.46354  2.40513  3.72494  3.29354  2.67741  2.69355  4.24690  2.90347  2.73739  3.18146  2.89801  2.37887  2.77519  2.98518  4.58477  3.61503
          0.01937  4.34927  5.07162  0.61958  0.77255  0.48576  0.95510
     72   2.69031  4.46776  3.47292  2.95613  3.64677  3.59953  3.92019  2.98698  2.84520  1.54883  3.59978  3.36134  4.02470  2.67010  3.18032  2.61320  2.42553  2.76036  5.08402  3.84373    109 l - - -
          2.68645  4.42032  2.77610  2.73344  3.46591  2.40255  3.72306  3.28992  2.67859  2.69396  4.24926  2.90364  2.73788  3.18357  2.89725  2.37960  2.77592  2.97950  4.58714  3.61740
          0.23371  1.59882  5.07162  3.75320  0.02372  0.48576  0.95510
     73   2.70937  4.80411  3.17158  1.84263  4.00097  3.54579  3.72653  2.86174  2.48033  3.03655  3.88024  3.10256  3.93186  2.90110  2.15286  2.77010  2.93562  3.12451  3.50241  3.98217    169 e - - -
          2.68618  4.42225  2.77519  2.73123  3.46354  2.40513  3.72494  3.29354  2.67741  2.69355  4.24690  2.90347  2.73739  3.18146  2.89801  2.37887  2.77519  2.98518  4.58477  3.61503
          0.01937  4.34927  5.07162  0.61958  0.77255  0.48576  0.95510
     74   2.65874  4.76041  3.07685  2.41584  4.05781  2.34658  3.77518  3.46240  2.60993  2.39306  3.92490  3.08251  3.07280  2.95183  3.05447  2.09318  2.91713  3.14606  5.36044  4.04724    170 s - - -
          2.68618  4.42225  2.77519  2.73123  3.46354  2.40513  3.72494  3.29354  2.67741  2.69355  4.24690  2.90347  2.73739  3.18146  2.89801  2.37887  2.77519  2.98518  4.58477  3.61503
          0.01937  4.34927  5.07162  0.61958  0.77255  0.48576  0.95510
     75   1.30726  1.71342  4.33470  3.91690  3.97141  3.31892  4.58156  2.95681  3.79588  2.96495  3.92910  3.83886  4.02950  4.03083  3.97597  2.75670  2.93229  2.35217  5.49172  4.31613    171 a - - -
          2.68618  4.42225  2.77519  2.73123  3.46354  2.40513  3.72494  3.29354  2.67741  2.69355  4.24690  2.90347  2.73739  3.18146  2.89801  2.37887  2.77519  2.98518  4.58477  3.61503
          0.17154  4.34927  1.93295  0.61958  0.77255  0.48576  0.95510
     76   2.71245  3.31089  2.33395  1.61259  4.39425  3.38384  3.68221  3.84708  2.49769  3.39350  4.18458  2.58305  3.84429  2.81444  2.99436  2.68879  2.95946  3.46461  5.58126  4.18808    172 e - - -
          2.68618  4.42225  2.77519  2.73123  3.46354  2.40513  3.72494  3.29354  2.67741  2.69355  4.24690  2.90347  2.73739  3.18146  2.89801  2.37887  2.77519  2.98518  4.58477  3.61503
          0.02252  4.20025  4.92260  0.61958  0.77255  0.38518  1.14046
     77   2.78265  5.28716  2.28025  1.72650  4.60286  3.34097  3.66631  4.08608  2.22455  3.57197  4.35667  2.80297  3.83513  2.07962  2.95930  2.71740  3.02902  3.66619  5.71472  4.28846    173 e - - -
          2.68656  4.42263  2.77492  2.73161  3.46391  2.40550  3.72532  3.29199  2.67778  2.69288  4.24658  2.90364  2.73777  3.18184  2.89691  2.37903  2.77542  2.98454  4.58514  3.61500
          0.39531  1.34770  2.70773  1.97749  0.14898  0.48576  0.95510
     78   2.99721  5.11908  2.50967  0.95335  4.47184  3.30773  3.89893  3.93611  2.78603  3.54480  4.51643  2.96258  3.91476  3.11344  3.20035  2.97424  3.30181  3.61453  5.63358  4.35573    184 e - - -
          2.68618  4.42225  2.77519  2.73123  3.46354  2.40513  3.72494  3.29354  2.67741  2.69355  4.24690  2.90347  2.73739  3.18146  2.89801  2.37887  2.77519  2.98518  4.58477  3.61503
          0.02978  3.92472  4.64707  0.61958  0.77255  0.55070  0.85932
     79   2.80008  5.28923  1.93377  1.93070  4.57687  3.24736  3.66270  4.06468  2.54322  3.57240  4.39055  2.71353  3.79609  1.94803  3.05967  2.72227  3.06173  3.66022  5.73483  4.29033    185 e - - -
          2.68618  4.42225  2.77519  2.73123  3.46354  2.40513  3.72494  3.29354  2.67741  2.69355  4.24690  2.90347  2.73739  3.18146  2.89801  2.37887  2.77519  2.98518  4.58477  3.61503
          0.02978  3.92472  4.64707  0.61958  0.77255  0.55070  0.85932
     80   3.19729  4.60245  4.53852  3.99784  3.04607  4.34319  4.63359  2.18211  3.79690  1.01726  2.22670  4.29662  4.58850  4.03044  3.97417  3.69594  3.43036  2.28399  5.07784  3.94102    186 l - - -
          2.68618  4.42225  2.77519  2.73123  3.46354  2.40513  3.72494  3.29354  2.67741  2.69355  4.24690  2.90347  2.73739  3.18146  2.89801  2.37887  2.77519  2.98518  4.58477  3.61503
          0.02978  3.92472  4.64707  0.61958  0.77255  0.44720  1.02003
     81   3.05902  5.19069  2.54348  0.86653  4.55250  3.35394  3.95278  4.03033  2.84864  3.62882  4.59891  3.00616  3.96460  3.16679  3.26889  3.03005  3.36460  3.70233  5.70156  4.42543    187 e - - -
          2.68618  4.42225  2.77519  2.73123  3.46354  2.40513  3.72494  3.29354  2.67741  2.69355  4.24690  2.90347  2.73739  3.18146  2.89801  2.37887  2.77519  2.98518  4.58477  3.61503
          0.02781  3.99213  4.71448  0.61958  0.77255  0.48576  0.95510
     82   2.78536  5.12407  2.77104  1.86854  4.45655  3.41455  3.61431  3.88955  2.22407  3.38978  4.20495  2.90347  3.85769  2.02960  2.32543  2.75428  3.00952  3.52108  5.52434  4.19308    188 e - - -
          2.68618  4.42225  2.77519  2.73123  3.46354  2.40513  3.72494  3.29354  2.67741  2.69355  4.24690  2.90347  2.73739  3.18146  2.89801  2.37887  2.77519  2.98518  4.58477  3.61503
          0.02781  3.99213  4.71448  0.61958  0.77255  0.48576  0.95510
     83   2.68856  4.79646  3.12261  2.54967  3.01026  3.48509  3.61832  3.43845  1.82517  3.02745  3.87434  3.03166  3.86903  2.49731  2.37159  2.73551  2.90564  3.14080  5.23718  3.93977    189 k - - -
          2.68618  4.42225  2.77519  2.73123  3.46354  2.40513  3.72494  3.29354  2.67741  2.69355  4.24690  2.90347  2.73739  3.18146  2.89801  2.37887  2.77519  2.98518  4.58477  3.61503
          0.02781  3.99213  4.71448  0.61958  0.77255  0.48576  0.95510
     84   2.77326  4.27911  4.00261  3.43773  3.38048  3.88704  4.20007  1.69542  2.82640  1.98122  3.28917  3.75710  4.23792  3.61104  3.54993  3.18066  3.01122  1.75500  5.02239  3.81717    190 i - - -
          2.68618  4.42225  2.77519  2.73123  3.46354  2.40513  3.72494  3.29354  2.67741  2.69355  4.24690  2.90347  2.73739  3.18146  2.89801  2.37887  2.77519  2.98518  4.58477  3.61503
          0.02781  3.99213  4.71448  0.61958  0.77255  0.48576  0.95510
     85   2.85071  5.20393  2.51815  1.75722  4.50055  3.34603  3.68766  3.96500  2.41464  3.48039  4.33053  2.84394  3.86576  1.77130  2.81473  2.80182  3.10092  3.60004  5.63358  4.26105    191 e - - -
          2.68618  4.42225  2.77519  2.73123  3.46354  2.40513  3.72494  3.29354  2.67741  2.69355  4.24690  2.90347  2.73739  3.18146  2.89801  2.37887  2.77519  2.98518  4.58477  3.61503
          0.02781  3.99213  4.71448  0.61958  0.77255  0.48576  0.95510
     86   2.74465  5.15280  2.52474  1.80001  4.47104  3.31782  3.64595  3.93082  2.19649  3.45064  4.25440  2.25201  3.81283  2.78363  2.89286  2.38478  2.99372  3.54030  5.61554  4.21996    192 e - - -
          2.68618  4.42225  2.77519  2.73123  3.46354  2.40513  3.72494  3.29354  2.67741  2.69355  4.24690  2.90347  2.73739  3.18146  2.89801  2.37887  2.77519  2.98518  4.58477  3.61503
          0.02781  3.99213  4.71448  0.61958  0.77255  0.48576  0.95510
     87   2.71374  4.42177  3.58649  3.16232  3.41160  3.55547  4.06494  2.66789  3.02459  1.41699  3.41789  3.50466  2.63109  3.41229  3.30661  2.95626  3.01916  2.55300  5.04098  3.77571    193 l - - -
          2.68618  4.42225  2.77519  2.73123  3.46354  2.40513  3.72494  3.29354  2.67741  2.69355  4.24690  2.90347  2.73739  3.18146  2.89801  2.37887  2.77519  2.98518  4.58477  3.61503
          0.02978  3.92472  4.64707  0.61958  0.77255  0.48576  0.95510
     88   2.49018  4.55674  3.02995  2.59401  4.10621  3.22956  3.74488  3.52948  2.49376  3.14427  3.97870  3.02731  2.59018  2.92746  2.46149  1.94139  2.81499  3.15202  5.36526  4.07359    194 s - - -
          2.68618  4.42225  2.77519  2.73123  3.46354  2.40513  3.72494  3.29354  2.67741  2.69355  4.24690  2.90347  2.73739  3.18146  2.89801  2.37887  2.77519  2.98518  4.58477  3.61503
          0.02014  3.91509        *  0.61958  0.77255  0.00000        *
//
